1745671581974 0.6898112297058105 20
1745671589213 0.6900460124015808 40
1745671595905 0.6886639595031738 60
1745671604925 0.6872512102127075 80
1745671613405 0.6845358610153198 100
1745671621889 0.6869981288909912 120
1745671628558 0.6816511154174805 140
1745671636325 0.6892083883285522 160
1745671644801 0.6860591173171997 180
1745671652007 0.6833646297454834 200
1745671660081 0.68597412109375 220
1745671667846 0.6878080368041992 240
1745671676962 0.6812788248062134 260
1745671683149 0.6836270689964294 280
1745671690947 0.6893687844276428 300
1745671699456 0.6894978284835815 320
1745671705992 0.6852800250053406 340
1745671714426 0.6885336637496948 360
1745671724831 0.693973183631897 380
1745671731637 0.6873885989189148 400
1745671739639 0.6869403123855591 420
1745671747063 0.6882566213607788 440
1745671755721 0.6857737302780151 460
1745671762398 0.6899276971817017 480
1745671771546 0.6897374987602234 500
1745671780893 0.6905709505081177 520
1745671787561 0.688897967338562 540
1745671794801 0.6891277432441711 560
1745671804024 0.6825892925262451 580
1745671813566 0.6835993528366089 600
1745671822394 0.6829889416694641 620
1745671829377 0.6903761625289917 640
1745671837071 0.6853604316711426 660
1745671846283 0.6804950833320618 680
1745671853467 0.682917058467865 700
1745671863233 0.6905739903450012 720
1745671872181 0.6893945932388306 740
1745671879063 0.6859951615333557 760
1745671889327 0.6808820962905884 780
1745671895008 0.6957011818885803 800
1745671904191 0.6858254671096802 820
1745671913678 0.6889894008636475 840
1745671919878 0.6958365440368652 860
1745671929420 0.6873129606246948 880
1745671939104 0.687224268913269 900
1745671945322 0.6800954937934875 920
1745671955218 0.6884161829948425 940
1745671963045 0.6867638230323792 960
1745671973210 0.6802353858947754 980
1745671980510 0.6857313513755798 1000
1745671989989 0.6909632682800293 1020
1745671997992 0.6801704168319702 1040
1745672005869 0.6784119009971619 1060
1745672013931 0.691637396812439 1080
1745672023048 0.6867097616195679 1100
1745672030776 0.684014081954956 1120
1745672040745 0.6913886070251465 1140
1745672048865 0.678848385810852 1160
1745672055498 0.693535566329956 1180
1745672068543 0.6872692108154297 1200
1745672088724 0.6839935779571533 1220
1745672101469 0.6819881796836853 1240
1745672118940 0.687258780002594 1260
1745672135333 0.6899970173835754 1280
1745672151170 0.6853902339935303 1300
1745672165982 0.68300461769104 1320
1745672181297 0.6774430871009827 1340
1745672198500 0.683493971824646 1360
1745672213132 0.6886670589447021 1380
1745672231184 0.6858316659927368 1400
1745672245709 0.6833128929138184 1420
1745672261560 0.6852403283119202 1440
1745672277146 0.6873735189437866 1460
1745672293838 0.6795268058776855 1480
1745672309029 0.6863439679145813 1500
1745672326577 0.689868688583374 1520
1745672343718 0.6916125416755676 1540
1745672358528 0.6842325925827026 1560
1745672374247 0.6887260675430298 1580
1745672390687 0.6869196891784668 1600
1745672406509 0.6893595457077026 1620
1745672422747 0.6904006004333496 1640
1745672440380 0.6848124265670776 1660
1745672454267 0.685908317565918 1680
1745672472875 0.6925431489944458 1700
1745672488646 0.6909120678901672 1720
1745672504787 0.6871370673179626 1740
1745672522329 0.6865973472595215 1760
1745672538958 0.6841388940811157 1780
1745672554256 0.6823301315307617 1800
1745672572188 0.6884395480155945 1820
1745672588036 0.6857632398605347 1840
