1745671582054 0.7214182019233704 20
1745671589269 0.4966799020767212 40
1745671595998 0.632043719291687 60
1745671604990 0.6722701787948608 80
1745671613458 0.7523320913314819 100
1745671621949 0.729521632194519 120
1745671628683 1.2854392528533936 140
1745671636417 0.7668447494506836 160
1745671644844 0.7564338445663452 180
1745671652087 0.9675110578536987 200
1745671660188 0.8082895278930664 220
1745671667964 0.7510859966278076 240
1745671677034 1.0464229583740234 260
1745671683273 0.8587938547134399 280
1745671691055 1.0546820163726807 300
1745671699551 0.7835744619369507 320
1745671706151 0.8373680114746094 340
1745671714540 0.7095736265182495 360
1745671724876 0.5999484062194824 380
1745671731693 0.8071380257606506 400
1745671739705 0.8511573076248169 420
1745671747148 0.8303737640380859 440
1745671755765 0.908659815788269 460
1745671762625 0.6692310571670532 480
1745671771654 0.7103777527809143 500
1745671780963 0.7120128870010376 520
1745671787632 0.713263988494873 540
1745671795336 0.6376087665557861 560
1745671804103 0.9968768358230591 580
1745671813634 0.8854846954345703 600
1745671822477 0.9853510856628418 620
1745671829524 0.573465883731842 640
1745671837168 0.9425791501998901 660
1745671846345 0.9515640139579773 680
1745671853567 0.9900009632110596 700
1745671863330 0.5966203212738037 720
1745671872240 0.6444340348243713 740
1745671879163 0.7978124618530273 760
1745671889386 1.120621919631958 780
1745671895167 0.47062620520591736 800
1745671904291 0.7548177242279053 820
1745671913738 0.9007957577705383 840
1745671920062 0.523963987827301 860
1745671929528 0.808096170425415 880
1745671939166 0.7624083161354065 900
1745671945447 1.0096735954284668 920
1745671955267 0.721629798412323 940
1745671963495 0.7932314276695251 960
1745671973281 1.0763570070266724 980
1745671980644 0.7722723484039307 1000
1745671990106 0.676649272441864 1020
1745671998080 1.0868817567825317 1040
1745672006015 1.1644304990768433 1060
1745672014037 0.5765507221221924 1080
1745672023112 0.7909213304519653 1100
1745672030978 0.9097182750701904 1120
1745672040799 0.4974532127380371 1140
1745672048946 1.1679047346115112 1160
1745672055596 0.5810364484786987 1180
1745672068907 0.8071308135986328 1200
1745672088806 0.9613618850708008 1220
1745672101653 1.1049013137817383 1240
1745672119039 0.8593810200691223 1260
1745672136091 0.7367444038391113 1280
1745672151279 0.7927192449569702 1300
1745672166108 0.9822967648506165 1320
1745672181399 1.3549970388412476 1340
1745672198594 0.9072402715682983 1360
1745672213227 0.7377206683158875 1380
1745672231282 0.902157723903656 1400
1745672245813 1.127013087272644 1420
1745672261685 0.7924798130989075 1440
1745672277356 0.7900568842887878 1460
1745672293925 1.1705677509307861 1480
1745672309170 0.8126301765441895 1500
1745672326791 0.6908864974975586 1520
1745672343792 0.6394109129905701 1540
1745672358653 0.9503429532051086 1560
1745672374373 0.6153385639190674 1580
1745672390821 0.738756537437439 1600
1745672406610 0.7701900601387024 1620
1745672422853 0.5435159802436829 1640
1745672440476 0.8462972640991211 1660
1745672455022 0.7684533596038818 1680
1745672472936 0.46369418501853943 1700
1745672488765 0.461936891078949 1720
1745672504969 0.6767259836196899 1740
1745672522446 0.734877347946167 1760
1745672539051 0.896821916103363 1780
1745672554978 0.9309563040733337 1800
1745672572262 0.8002985715866089 1820
1745672589069 0.8640578985214233 1840
