1745671582050 0.7024191617965698 20
1745671589266 0.6969903111457825 40
1745671595994 0.6910312175750732 60
1745671604988 0.6870645880699158 80
1745671613455 0.6963256597518921 100
1745671621945 0.6749862432479858 120
1745671628673 0.6884002089500427 140
1745671636412 0.6802888512611389 160
1745671644842 0.6839759349822998 180
1745671652084 0.6938685774803162 200
1745671660184 0.691125214099884 220
1745671667959 0.6843765377998352 240
1745671677031 0.7073765993118286 260
1745671683267 0.6587157845497131 280
1745671691047 0.6190927624702454 300
1745671699548 0.6878021955490112 320
1745671706146 0.681022584438324 340
1745671714535 0.6788027882575989 360
1745671724875 0.6410666108131409 380
1745671731690 0.6581512093544006 400
1745671739702 0.6754324436187744 420
1745671747146 0.7637353539466858 440
1745671755763 0.6604852676391602 460
1745671762619 0.6595752239227295 480
1745671771650 0.6383169293403625 500
1745671780961 0.6283882260322571 520
1745671787628 0.690708577632904 540
1745671795236 0.6833164095878601 560
1745671804098 0.6628211140632629 580
1745671813632 0.7076170444488525 600
1745671822473 0.6852368116378784 620
1745671829517 0.6613958477973938 640
1745671837165 0.6685274243354797 660
1745671846341 0.703585147857666 680
1745671853562 0.6849581003189087 700
1745671863312 0.6623255014419556 720
1745671872238 0.6656894683837891 740
1745671879160 0.7421103715896606 760
1745671889384 0.7465272545814514 780
1745671895164 0.6617832183837891 800
1745671904282 0.7094897627830505 820
1745671913736 0.7437629103660583 840
1745671920057 0.6460397839546204 860
1745671929525 0.6965318918228149 880
1745671939163 0.6698638200759888 900
1745671945443 0.6886224150657654 920
1745671955265 0.6891335248947144 940
1745671963372 0.6639182567596436 960
1745671973279 0.6460559368133545 980
1745671980640 0.7149990797042847 1000
1745671990102 0.6456279754638672 1020
1745671998077 0.7117037177085876 1040
1745672006001 0.6722074747085571 1060
1745672014031 0.7340347170829773 1080
1745672023109 0.6919777393341064 1100
1745672030970 0.6813703775405884 1120
1745672040797 0.7067340016365051 1140
1745672048942 0.7136276960372925 1160
1745672055593 0.6398243308067322 1180
1745672068902 0.741276204586029 1200
1745672088803 0.6485384106636047 1220
1745672101647 0.7326078414916992 1240
1745672119036 0.6693896651268005 1260
1745672135759 0.6233197450637817 1280
1745672151276 0.7099038362503052 1300
1745672166105 0.707379162311554 1320
1745672181397 0.6437150239944458 1340
1745672198591 0.695885956287384 1360
1745672213224 0.7132827639579773 1380
1745672231267 0.6765442490577698 1400
1745672245809 0.6622787714004517 1420
1745672261682 0.6775059103965759 1440
1745672277352 0.6596009731292725 1460
1745672293909 0.7392817139625549 1480
1745672309166 0.6953076124191284 1500
1745672326788 0.6997767686843872 1520
1745672343789 0.6984386444091797 1540
1745672358636 0.6614323258399963 1560
1745672374367 0.6789434552192688 1580
1745672390818 0.6815329194068909 1600
1745672406607 0.6915017366409302 1620
1745672422849 0.6965234279632568 1640
1745672440472 0.7072529196739197 1660
1745672454692 0.6875811219215393 1680
1745672472934 0.7267341017723083 1700
1745672488760 0.7347863912582397 1720
1745672504965 0.6979939937591553 1740
1745672522443 0.6600469946861267 1760
1745672539048 0.6428585648536682 1780
1745672554662 0.6823011636734009 1800
1745672572259 0.6822715401649475 1820
1745672588621 0.7081791162490845 1840
