1745671582057 0.07043623179197311 20
1745671589275 0.10000000149011612 40
1745671596001 0.11627907305955887 60
1745671604993 0.15000000596046448 80
1745671613461 0.23404255509376526 100
1745671621952 0.2648809552192688 120
1745671628687 0.07426340132951736 140
1745671636420 0.1004299744963646 160
1745671644846 0.10225105285644531 180
1745671652089 0.08945497870445251 200
1745671660190 0.09647125750780106 220
1745671667967 0.093138687312603 240
1745671677036 0.10233917832374573 260
1745671683275 0.12649700045585632 280
1745671691058 0.08016955107450485 300
1745671699552 0.09974811226129532 320
1745671706154 0.10869118571281433 340
1745671714545 0.10188284516334534 360
1745671724878 0.11277873069047928 380
1745671731695 0.09596695750951767 400
1745671739707 0.10381679236888885 420
1745671747150 0.07309753447771072 440
1745671755767 0.0999123603105545 460
1745671762631 0.1096813753247261 480
1745671771656 0.09730301797389984 500
1745671780965 0.125780388712883 520
1745671787634 0.07781973481178284 540
1745671795342 0.14218415319919586 560
1745671804106 0.10440874844789505 580
1745671813635 0.08906882256269455 600
1745671822480 0.0923076942563057 620
1745671829527 0.1432061642408371 640
1745671837171 0.08071690052747726 660
1745671846347 0.09680813550949097 680
1745671853569 0.0930708646774292 700
1745671863334 0.10489726811647415 720
1745671872242 0.11751151829957962 740
1745671879166 0.08927451074123383 760
1745671889389 0.08383821696043015 780
1745671895170 0.11726608872413635 800
1745671904296 0.09982699155807495 820
1745671913740 0.09241637587547302 840
1745671920065 0.09539061039686203 860
1745671929530 0.09424550086259842 880
1745671939168 0.12849557399749756 900
1745671945449 0.10584132373332977 920
1745671955269 0.11371509730815887 940
1745671963510 0.11193642765283585 960
1745671973284 0.10439560562372208 980
1745671980647 0.10547095537185669 1000
1745671990109 0.1011127233505249 1020
1745671998087 0.09960837662220001 1040
1745672006018 0.1200626939535141 1060
1745672014040 0.13464181125164032 1080
1745672023114 0.0932142361998558 1100
1745672030981 0.10456781089305878 1120
1745672040801 0.11664236336946487 1140
1745672048948 0.09870493412017822 1160
1745672055599 0.11529331654310226 1180
1745672068910 0.09610983729362488 1200
1745672088808 0.10996145009994507 1220
1745672101661 0.08055723458528519 1240
1745672119042 0.10469425469636917 1260
1745672136410 0.10025706887245178 1280
1745672151282 0.12160392850637436 1300
1745672166110 0.11571554094552994 1320
1745672181401 0.09728646278381348 1340
1745672198597 0.11373551934957504 1360
1745672213229 0.11298898607492447 1380
1745672231284 0.11654239147901535 1400
1745672245815 0.06915789842605591 1420
1745672261687 0.12871435284614563 1440
1745672277360 0.09528908133506775 1460
1745672293928 0.10483372211456299 1480
1745672309174 0.10409579426050186 1500
1745672326793 0.0896974578499794 1520
1745672343794 0.11034570634365082 1540
1745672358655 0.09674888104200363 1560
1745672374375 0.12365131080150604 1580
1745672390824 0.10495942085981369 1600
1745672406612 0.08479464799165726 1620
1745672422856 0.14581505954265594 1640
1745672440478 0.11304240673780441 1660
1745672455346 0.09633577615022659 1680
1745672472939 0.14575520157814026 1700
1745672488768 0.12695226073265076 1720
1745672504972 0.10330411046743393 1740
1745672522449 0.1376236081123352 1760
1745672539053 0.11020199209451675 1780
1745672555298 0.10361583530902863 1800
1745672572265 0.09767913818359375 1820
1745672589386 0.1166062206029892 1840
