1745671582060 0.06681602448225021 20
1745671589277 0.0002683483180589974 40
1745671596003 0.002758620772510767 60
1745671604996 0.0011413353495299816 80
1745671613463 0.0011402508243918419 100
1745671621954 0.012245459482073784 120
1745671628691 0.07910458743572235 140
1745671636427 0.04953794926404953 160
1745671644847 0.032157428562641144 180
1745671652091 0.04164751246571541 200
1745671660192 0.039770059287548065 220
1745671667970 0.04319566860795021 240
1745671677038 0.03621688857674599 260
1745671683277 0.037879638373851776 280
1745671691061 0.0459248311817646 300
1745671699554 0.0859375 320
1745671706169 0.059178877621889114 340
1745671714548 0.058618199080228806 360
1745671724880 0.08056364208459854 380
1745671731697 0.04934415966272354 400
1745671739710 0.05821917951107025 420
1745671747153 0.036670610308647156 440
1745671755769 0.045907579362392426 460
1745671762638 0.06744536757469177 480
1745671771658 0.049145299941301346 500
1745671780967 0.07822313904762268 520
1745671787636 0.05634137615561485 540
1745671795347 0.07983648031949997 560
1745671804108 0.052115317434072495 580
1745671813637 0.03877933323383331 600
1745671822482 0.0580437108874321 620
1745671829531 0.10994084179401398 640
1745671837175 0.05881231650710106 660
1745671846349 0.048268623650074005 680
1745671853573 0.05646856501698494 700
1745671863336 0.09231814742088318 720
1745671872245 0.08855264633893967 740
1745671879170 0.04666156694293022 760
1745671889391 0.04601006582379341 780
1745671895191 0.15927381813526154 800
1745671904298 0.06206970661878586 820
1745671913742 0.06620533019304276 840
1745671920069 0.11667518317699432 860
1745671929533 0.06840812414884567 880
1745671939170 0.08118989318609238 900
1745671945452 0.05531759932637215 920
1745671955271 0.062068965286016464 940
1745671963523 0.06978998333215714 960
1745671973286 0.046568628400564194 980
1745671980649 0.07238709926605225 1000
1745671990113 0.08882278203964233 1020
1745671998089 0.05373874679207802 1040
1745672006020 0.061959072947502136 1060
1745672014043 0.10240334272384644 1080
1745672023116 0.07230666279792786 1100
1745672030984 0.07440000027418137 1120
1745672040803 0.09966186434030533 1140
1745672048950 0.046638552099466324 1160
1745672055601 0.11056910455226898 1180
1745672068913 0.06454316526651382 1200
1745672088810 0.05804240703582764 1220
1745672101668 0.04844290763139725 1240
1745672119047 0.11057953536510468 1260
1745672136722 0.08905239403247833 1280
1745672151284 0.0862649455666542 1300
1745672166112 0.06645824760198593 1320
1745672181403 0.05025085434317589 1340
1745672198599 0.08197788149118423 1360
1745672213231 0.07505045086145401 1380
1745672231286 0.09000746160745621 1400
1745672245817 0.057274866849184036 1420
1745672261689 0.08902199566364288 1440
1745672277362 0.06813831627368927 1460
1745672293930 0.07641705125570297 1480
1745672309176 0.07611183077096939 1500
1745672326797 0.08430414646863937 1520
1745672343797 0.11426684260368347 1540
1745672358657 0.07139902561903 1560
1745672374379 0.08692511171102524 1580
1745672390826 0.06406164169311523 1600
1745672406616 0.08529650419950485 1620
1745672422859 0.12941908836364746 1640
1745672440481 0.0803469717502594 1660
1745672455666 0.07926762104034424 1680
1745672472941 0.12282717972993851 1700
1745672488770 0.09812036901712418 1720
1745672504975 0.09328948706388474 1740
1745672522451 0.09341989457607269 1760
1745672539055 0.08298835158348083 1780
1745672555618 0.06277599930763245 1800
1745672572268 0.08482535928487778 1820
1745672589715 0.09134739637374878 1840
