1745962389151 0.6781089305877686 20
1745962391178 0.6786784529685974 40
1745962393370 0.6878559589385986 60
1745962395150 0.6887977719306946 80
1745962397512 0.6789320707321167 100
1745962399406 0.6769003868103027 120
1745962401714 0.67835533618927 140
1745962403813 0.6920839548110962 160
1745962405377 0.6759216785430908 180
1745962407711 0.6662600040435791 200
1745962409595 0.6805821657180786 220
1745962411807 0.6822445392608643 240
1745962414076 0.6718589067459106 260
1745962416093 0.6799570918083191 280
1745962417861 0.6698514223098755 300
1745962422368 0.6823197603225708 320
1745962426443 0.6767127513885498 340
1745962430675 0.6736418604850769 360
1745962434646 0.6922706365585327 380
1745962438827 0.6746901273727417 400
1745962442722 0.6812483668327332 420
1745962446423 0.6765013933181763 440
1745962450462 0.6801201105117798 460
1745962453986 0.6822370290756226 480
1745962455889 0.6868153810501099 500
1745962458069 0.6834420561790466 520
1745962459849 0.6803483963012695 540
1745962461634 0.6810399889945984 560
1745962463525 0.6707785725593567 580
1745962465502 0.6677953600883484 600
1745962467497 0.6681549549102783 620
1745962470285 0.6837263107299805 640
1745962472539 0.6744996905326843 660
1745962474699 0.6730984449386597 680
1745962478835 0.6764090061187744 700
1745962482754 0.6803604960441589 720
1745962485640 0.6824716329574585 740
1745962487777 0.6654216051101685 760
1745962489950 0.6521046161651611 780
1745962491833 0.6931437253952026 800
1745962494396 0.6758987903594971 820
1745962497375 0.6795237064361572 840
1745962499597 0.688430666923523 860
1745962501612 0.6780821681022644 880
1745962503879 0.6830190420150757 900
1745962506286 0.6663303971290588 920
1745962508083 0.6872155070304871 940
1745962510634 0.6725542545318604 960
1745962512369 0.6712705492973328 980
1745962514216 0.6770124435424805 1000
1745962516382 0.6904085874557495 1020
1745962518630 0.6723791360855103 1040
1745962520791 0.6701382994651794 1060
1745962522797 0.6838369369506836 1080
1745962524656 0.6814106106758118 1100
1745962526752 0.6812147498130798 1120
1745962528999 0.682665228843689 1140
1745962531381 0.6714563369750977 1160
1745962533298 0.6917658448219299 1180
1745962535261 0.6782302260398865 1200
1745962537137 0.6850647926330566 1220
1745962538807 0.6675359010696411 1240
1745962541201 0.6794784069061279 1260
1745962543324 0.6814256906509399 1280
1745962545583 0.6797648668289185 1300
1745962547371 0.6760528087615967 1320
1745962549003 0.6699032783508301 1340
1745962550849 0.6724483966827393 1360
1745962554285 0.6802197098731995 1380
1745962556222 0.6816431283950806 1400
1745962559189 0.6565530300140381 1420
1745962560852 0.6793360710144043 1440
1745962562500 0.6816704869270325 1460
1745962564279 0.669445812702179 1480
1745962566502 0.6744987964630127 1500
1745962568391 0.6783292293548584 1520
1745962571329 0.6787283420562744 1540
1745962575976 0.6817315816879272 1560
1745962579873 0.6813382506370544 1580
1745962583736 0.6748338937759399 1600
1745962587881 0.6743401288986206 1620
1745962591822 0.6959316730499268 1640
1745962595971 0.6787194013595581 1660
1745962600177 0.6788433790206909 1680
1745962603862 0.6901202201843262 1700
1745962607702 0.6845617294311523 1720
1745962611565 0.6803590059280396 1740
1745962615586 0.6832548379898071 1760
1745962619809 0.6746100187301636 1780
1745962624020 0.6765679121017456 1800
1745962628111 0.67279452085495 1820
1745962632058 0.6747766137123108 1840
1745962636012 0.681144118309021 1860
1745962640025 0.676005482673645 1880
1745962644051 0.6865934133529663 1900
1745962648300 0.686468780040741 1920
1745962652381 0.6838618516921997 1940
1745962656116 0.6895334720611572 1960
1745962660108 0.6791524291038513 1980
1745962664299 0.6785911321640015 2000
1745962668307 0.6902378797531128 2020
1745962672374 0.6690363883972168 2040
1745962675324 0.6706886291503906 2060
1745962677614 0.6825368404388428 2080
1745962679343 0.6712430715560913 2100
1745962680912 0.671798825263977 2120
1745962683109 0.6709825396537781 2140
1745962684763 0.6914224028587341 2160
1745962689248 0.6636896133422852 2180
1745962693286 0.6776755452156067 2200
1745962697155 0.6789572238922119 2220
1745962700926 0.6794469356536865 2240
1745962705023 0.6693987846374512 2260
1745962709147 0.6820476055145264 2280
1745962713322 0.6758449077606201 2300
1745962717539 0.6751506924629211 2320
1745962721445 0.6851521134376526 2340
1745962725521 0.6774750351905823 2360
1745962729642 0.6730517148971558 2380
1745962733661 0.6737722158432007 2400
1745962737769 0.6789587736129761 2420
1745962742091 0.6769171953201294 2440
1745962746247 0.6869344115257263 2460
1745962750216 0.6759793758392334 2480
1745962754283 0.6801633834838867 2500
1745962758354 0.6695389747619629 2520
1745962762562 0.6866809129714966 2540
1745962766712 0.6630699038505554 2560
1745962771985 0.6750966310501099 2580
1745962774050 0.6717346906661987 2600
1745962775942 0.6740488409996033 2620
1745962966254 0.6856957077980042 2640
1745962968515 0.6793601512908936 2660
1745962970149 0.6871289014816284 2680
1745962972340 0.6813317537307739 2700
1745962974172 0.6774747371673584 2720
1745962976508 0.6747439503669739 2740
1745962978619 0.6755319833755493 2760
1745962981070 0.6821659803390503 2780
1745962983172 0.6641759872436523 2800
1745962985037 0.6723560690879822 2820
1745962987017 0.6736734509468079 2840
1745962988880 0.6807368993759155 2860
1745962990744 0.6738539934158325 2880
1745962992970 0.6733616590499878 2900
1745962994809 0.6642110347747803 2920
1745962996572 0.6757591962814331 2940
1745962998428 0.6743067502975464 2960
1745963000533 0.6815584897994995 2980
1745963002431 0.6843852996826172 3000
1745963004397 0.6826667785644531 3020
1745963006430 0.6648635864257812 3040
1745963008503 0.6801754236221313 3060
1745963010505 0.6758212447166443 3080
1745963012317 0.6836127638816833 3100
1745963014502 0.671413004398346 3120
1745963017009 0.6697087287902832 3140
1745963019033 0.6861879229545593 3160
1745963020742 0.6837916374206543 3180
1745963022601 0.6831213235855103 3200
1745963024575 0.67475426197052 3220
1745963026462 0.686667263507843 3240
1745963029404 0.6774876713752747 3260
1745963031684 0.6815420389175415 3280
1745963033940 0.6784486174583435 3300
1745963035971 0.6746571063995361 3320
1745963037839 0.6690301895141602 3340
1745963039828 0.6622688174247742 3360
1745963041792 0.6719309687614441 3380
1745963044043 0.6662807464599609 3400
1745963045598 0.6787986159324646 3420
1745963047528 0.6834092140197754 3440
1745963049573 0.682875394821167 3460
1745963051584 0.6762651205062866 3480
1745963053700 0.6802805662155151 3500
1745963055973 0.6893802881240845 3520
1745963058534 0.686085045337677 3540
1745963060359 0.6775538325309753 3560
1745963062318 0.6787848472595215 3580
1745963064230 0.6760812997817993 3600
1745963066138 0.6774032115936279 3620
1745963068559 0.6907589435577393 3640
1745963070907 0.6846977472305298 3660
1745963072898 0.6898616552352905 3680
1745963074703 0.6730250120162964 3700
1745963076615 0.6934617757797241 3720
1745963081149 0.6644448041915894 3740
1745963085619 0.6843425035476685 3760
1745963090053 0.6907438039779663 3780
1745963094426 0.6698656678199768 3800
1745963098546 0.6696436405181885 3820
1745963102474 0.6764932870864868 3840
1745963106801 0.6811586618423462 3860
1745963111006 0.6756551861763 3880
1745963114694 0.6765255928039551 3900
1745963116864 0.6825299263000488 3920
1745963118642 0.6814020872116089 3940
1745963120461 0.6672540903091431 3960
1745963122581 0.6775453090667725 3980
1745963124847 0.6774433255195618 4000
1745963127275 0.6770632863044739 4020
1745963129787 0.6608109474182129 4040
1745963132330 0.6707518696784973 4060
1745963134285 0.6748443245887756 4080
1745963136045 0.6745624542236328 4100
1745963138363 0.6822093725204468 4120
1745963140818 0.6825512051582336 4140
1745963142836 0.6792037487030029 4160
1745963145375 0.6664621233940125 4180
1745963147532 0.6844470500946045 4200
1745963149625 0.67592453956604 4220
1745963151521 0.701468288898468 4240
1745963153589 0.6739069223403931 4260
1745963155873 0.6861504316329956 4280
1745963158249 0.6835198402404785 4300
1745963160389 0.6884828209877014 4320
1745963162572 0.6716651320457458 4340
1745963164912 0.6876684427261353 4360
1745963167449 0.6768615245819092 4380
1745963169993 0.6824641227722168 4400
1745963172526 0.6878988742828369 4420
1745963174945 0.6748039126396179 4440
1745963177191 0.6739158034324646 4460
1745963178851 0.6857126951217651 4480
1745963181211 0.6789162158966064 4500
1745963183127 0.6760207414627075 4520
1745963185089 0.6830090284347534 4540
1745963187813 0.6898345947265625 4560
1745963189937 0.6821842193603516 4580
1745963192017 0.696111798286438 4600
1745963193959 0.6759880781173706 4620
1745963196110 0.6722081303596497 4640
1745963198625 0.6712144613265991 4660
1745963201815 0.6846184730529785 4680
1745963203606 0.6877087950706482 4700
1745963205418 0.6866039037704468 4720
1745963207639 0.6832040548324585 4740
1745963209772 0.6694585680961609 4760
1745963212372 0.6694529056549072 4780
1745963214587 0.6704642176628113 4800
1745963216908 0.6680115461349487 4820
1745963219271 0.6836315393447876 4840
1745963221051 0.6850635409355164 4860
1745963223287 0.6808394193649292 4880
1745963225072 0.6753333806991577 4900
1745963227277 0.6792818307876587 4920
1745963229642 0.6811139583587646 4940
1745963232011 0.6605167388916016 4960
1745963233815 0.6893395185470581 4980
1745963235791 0.6728105545043945 5000
1745963238175 0.6819037199020386 5020
1745963240215 0.6694501638412476 5040
1745963242676 0.675030529499054 5060
1745963244735 0.6840746402740479 5080
1745963246795 0.6726604700088501 5100
1745963251440 0.6815892457962036 5120
1745963255581 0.6820235252380371 5140
1745963260230 0.6738084554672241 5160
1745963264734 0.684363603591919 5180
1745963268791 0.6699583530426025 5200
1745963272641 0.6604353189468384 5220
1745963276753 0.6783651113510132 5240
1745963434889 0.6711330413818359 5260
1745963437191 0.6801522970199585 5280
1745963439516 0.662243127822876 5300
1745963441835 0.6685813665390015 5320
1745963444419 0.6733496189117432 5340
1745963446784 0.6821134090423584 5360
1745963449654 0.6855629682540894 5380
1745963451519 0.675473690032959 5400
1745963453513 0.6668677926063538 5420
1745963456185 0.6787384748458862 5440
1745963458649 0.6741597652435303 5460
1745963461343 0.6799250245094299 5480
1745963464229 0.6891524195671082 5500
1745963467558 0.6759344339370728 5520
1745963469662 0.6857473850250244 5540
1745963471937 0.6818552017211914 5560
1745963474656 0.6852615475654602 5580
1745963477684 0.6879953145980835 5600
1745963480335 0.6736745834350586 5620
1745963482879 0.679176926612854 5640
1745963484879 0.6727951765060425 5660
1745963486871 0.6760793924331665 5680
1745963488864 0.6743654012680054 5700
1745963491211 0.6742121577262878 5720
1745963493360 0.6834893822669983 5740
1745963495842 0.688765823841095 5760
1745963498514 0.6838252544403076 5780
1745963500075 0.6703051328659058 5800
1745963502520 0.669131875038147 5820
1745963504851 0.6755701303482056 5840
1745963507104 0.677264928817749 5860
1745963509943 0.6626102328300476 5880
1745963512851 0.6717170476913452 5900
1745963515103 0.6829331517219543 5920
1745963517341 0.6655349731445312 5940
1745963520174 0.6801364421844482 5960
1745963522251 0.6679604053497314 5980
1745963524523 0.6883981227874756 6000
1745963527399 0.6776478290557861 6020
1745963528899 0.6755109429359436 6040
1745963531171 0.6715739965438843 6060
1745963533543 0.684616208076477 6080
1745963535403 0.676943302154541 6100
1745963537667 0.6746013164520264 6120
1745963539858 0.6873726844787598 6140
1745963542248 0.6748009920120239 6160
1745963544259 0.6721625924110413 6180
1745963546187 0.6807756423950195 6200
1745963548196 0.6801248788833618 6220
1745963550437 0.6819496750831604 6240
1745963552645 0.6662724018096924 6260
1745963554946 0.6681238412857056 6280
1745963557244 0.6640050411224365 6300
1745963559331 0.6860523819923401 6320
1745963561192 0.68050616979599 6340
1745963563832 0.6692168712615967 6360
1745963565979 0.6713369488716125 6380
1745963568184 0.6741607189178467 6400
1745963570785 0.6820772886276245 6420
1745963572803 0.6877325177192688 6440
1745963574515 0.6844747066497803 6460
1745963577460 0.6767585277557373 6480
1745963579396 0.6885300874710083 6500
1745963581545 0.6704193949699402 6520
1745963583879 0.6827021241188049 6540
1745963585971 0.6592671275138855 6560
1745963588154 0.6849166750907898 6580
1745963590553 0.6734811663627625 6600
1745963592690 0.6851661205291748 6620
1745963594427 0.685608983039856 6640
1745963596740 0.6766272783279419 6660
1745963599028 0.6755672693252563 6680
1745963600892 0.674240231513977 6700
1745963602958 0.6720651388168335 6720
1745963604772 0.6808087825775146 6740
1745963607274 0.6795365810394287 6760
1745963609657 0.6850755214691162 6780
1745963612330 0.6739752292633057 6800
1745963614291 0.6771036982536316 6820
1745963616721 0.6724967956542969 6840
1745963619070 0.6825705766677856 6860
1745963621365 0.6783040761947632 6880
1745963623873 0.6874752640724182 6900
1745963625799 0.6760115027427673 6920
1745963627703 0.6612043380737305 6940
1745963629805 0.681614875793457 6960
1745963631926 0.6628648042678833 6980
1745963633590 0.686729907989502 7000
1745963636393 0.6821304559707642 7020
1745963639307 0.6791086196899414 7040
1745963641790 0.6772795915603638 7060
1745963647196 0.6749258041381836 7080
1745963649147 0.6817370057106018 7100
1745963651429 0.6717996597290039 7120
1745963653343 0.6816465258598328 7140
1745963655529 0.6849160194396973 7160
1745963657865 0.6890704035758972 7180
1745963659773 0.6809580326080322 7200
1745963661930 0.6761482954025269 7220
1745963664022 0.6757516860961914 7240
1745963665972 0.6790382862091064 7260
1745963668067 0.6861988306045532 7280
1745963670076 0.6731828451156616 7300
1745963672383 0.6835830211639404 7320
1745963674437 0.6842658519744873 7340
1745963676342 0.6739038228988647 7360
1745963678439 0.6743296980857849 7380
1745963680537 0.6756685972213745 7400
1745963682793 0.6660841703414917 7420
1745963685231 0.6849188208580017 7440
1745963687009 0.6786272525787354 7460
1745963688850 0.6687595844268799 7480
1745963693604 0.6737731695175171 7500
1745963695533 0.6808676719665527 7520
1745963697651 0.6716867685317993 7540
1745963699722 0.6769686937332153 7560
1745963701710 0.6766669750213623 7580
1745963703323 0.6870861053466797 7600
1745963705170 0.679160475730896 7620
1745963707796 0.6853469610214233 7640
1745963709944 0.6822153925895691 7660
1745963711999 0.6787886023521423 7680
1745963714095 0.6800432205200195 7700
1745963716298 0.6789175271987915 7720
1745963718090 0.6750799417495728 7740
