1745962389203 1.1664711236953735 20
1745962391250 1.228285312652588 40
1745962393422 0.7830818891525269 60
1745962395255 0.6742961406707764 80
1745962397581 1.0812492370605469 100
1745962399483 1.276045322418213 120
1745962401817 1.5761957168579102 140
1745962403897 0.787729024887085 160
1745962405456 1.2774680852890015 180
1745962407772 1.6700983047485352 200
1745962409674 0.9817790389060974 220
1745962411857 0.9997526407241821 240
1745962414184 1.603124737739563 260
1745962416148 1.1690508127212524 280
1745962418025 1.5311834812164307 300
1745962422455 1.044573187828064 320
1745962426511 1.3135403394699097 340
1745962430760 1.4998700618743896 360
1745962434725 0.6626092195510864 380
1745962438896 1.275838851928711 400
1745962442791 1.092015266418457 420
1745962446499 1.5414676666259766 440
1745962450545 1.184731125831604 460
1745962454051 1.056899905204773 480
1745962455999 0.8292048573493958 500
1745962458164 0.9731975197792053 520
1745962459889 1.06935715675354 540
1745962461735 1.2583003044128418 560
1745962463614 1.525882601737976 580
1745962465597 1.7058758735656738 600
1745962467587 1.7351384162902832 620
1745962470421 0.8423537015914917 640
1745962472654 1.3362739086151123 660
1745962474778 1.3528536558151245 680
1745962478957 1.4708553552627563 700
1745962482856 1.0633323192596436 720
1745962485687 0.9719287157058716 740
1745962487855 1.6874628067016602 760
1745962490013 2.4333925247192383 780
1745962491878 0.4865427613258362 800
1745962494494 1.2611539363861084 820
1745962497454 1.6503474712371826 840
1745962499684 0.6932809948921204 860
1745962501703 1.2347874641418457 880
1745962503934 0.9489647150039673 900
1745962506399 1.759218692779541 920
1745962508161 0.7200796604156494 940
1745962510678 1.3863418102264404 960
1745962512455 1.5548231601715088 980
1745962514264 1.3210551738739014 1000
1745962516465 0.7681387066841125 1020
1745962518730 1.4595340490341187 1040
1745962520832 1.6709996461868286 1060
1745962522840 0.9305512309074402 1080
1745962524780 1.0059641599655151 1100
1745962526810 1.2468087673187256 1120
1745962529061 1.2707043886184692 1140
1745962531476 1.466583490371704 1160
1745962533337 0.5984528064727783 1180
1745962535328 1.3499679565429688 1200
1745962537211 0.9624580144882202 1220
1745962538949 1.8892371654510498 1240
1745962541276 1.0490161180496216 1260
1745962543402 1.4067914485931396 1280
1745962545625 1.1369307041168213 1300
1745962547429 1.3060517311096191 1320
1745962549065 1.4663219451904297 1340
1745962550928 1.480691909790039 1360
1745962554405 0.9753978848457336 1380
1745962556353 1.1619256734848022 1400
1745962559240 2.4412899017333984 1420
1745962560888 1.1508839130401611 1440
1745962562613 1.148537516593933 1460
1745962564369 1.5713920593261719 1480
1745962566574 1.3514806032180786 1500
1745962568544 1.3651996850967407 1520
1745962571443 1.395625114440918 1540
1745962576045 1.1189950704574585 1560
1745962579960 1.0295462608337402 1580
1745962583836 1.3160799741744995 1600
1745962588000 1.603626012802124 1620
1745962591913 0.6659051179885864 1640
1745962596074 1.1824367046356201 1660
1745962600257 1.5042061805725098 1680
1745962603938 0.7142627835273743 1700
1745962607767 0.87625652551651 1720
1745962611658 1.0998600721359253 1740
1745962615675 0.9674313068389893 1760
1745962619860 1.3908679485321045 1780
1745962624100 1.3280212879180908 1800
1745962628183 1.4213275909423828 1820
1745962632143 1.3751906156539917 1840
1745962636077 1.0888943672180176 1860
1745962640101 1.3797932863235474 1880
1745962644124 0.8631554245948792 1900
1745962648346 1.089911699295044 1920
1745962652464 1.0722413063049316 1940
1745962656203 0.5340434312820435 1960
1745962660191 1.0836347341537476 1980
1745962664359 1.1429132223129272 2000
1745962668386 0.7853654623031616 2020
1745962672448 1.7229450941085815 2040
1745962675413 1.5721487998962402 2060
1745962677701 1.0985300540924072 2080
1745962679432 1.593817949295044 2100
1745962680983 1.6333622932434082 2120
1745962683153 1.5807496309280396 2140
1745962684891 0.9739394187927246 2160
1745962689337 1.9701837301254272 2180
1745962693375 1.3500444889068604 2200
1745962697226 1.2800910472869873 2220
1745962701007 1.2549993991851807 2240
1745962705125 1.453934907913208 2260
1745962709227 1.1190125942230225 2280
1745962713398 1.4506293535232544 2300
1745962717612 1.532428503036499 2320
1745962721515 1.171618938446045 2340
1745962725565 1.2558472156524658 2360
1745962729685 1.485599160194397 2380
1745962733774 1.4051032066345215 2400
1745962737871 1.1216344833374023 2420
1745962742195 1.3354939222335815 2440
1745962746320 0.7277888059616089 2460
1745962750284 1.2591980695724487 2480
1745962754364 1.2651467323303223 2500
1745962758429 1.5363144874572754 2520
1745962762628 1.0494287014007568 2540
1745962768222 1.8476061820983887 2560
1745962772079 1.301093578338623 2580
1745962774117 1.4627141952514648 2600
1745962775978 1.3825139999389648 2620
1745962966359 0.9250491261482239 2640
1745962968608 1.1091910600662231 2660
1745962970229 1.0498441457748413 2680
1745962972443 1.1043267250061035 2700
1745962974294 1.3833671808242798 2720
1745962976612 1.2481021881103516 2740
1745962978697 1.374804973602295 2760
1745962981112 1.0146491527557373 2780
1745962983211 1.8603527545928955 2800
1745962985085 1.3800575733184814 2820
1745962987061 1.53922438621521 2840
1745962989011 1.2982523441314697 2860
1745962990842 1.428755521774292 2880
1745962993020 1.5269368886947632 2900
1745962994864 1.8845574855804443 2920
1745962996693 1.3046307563781738 2940
1745962998529 1.3430848121643066 2960
1745963000662 1.1091477870941162 2980
1745963002479 1.0160632133483887 3000
1745963004485 1.3419901132583618 3020
1745963006566 1.7524546384811401 3040
1745963008645 1.0983643531799316 3060
1745963010589 1.4414995908737183 3080
1745963012433 0.8824748992919922 3100
1745963014576 1.5010820627212524 3120
1745963017092 1.851826786994934 3140
1745963019077 0.8246669769287109 3160
1745963020865 1.029297113418579 3180
1745963022664 1.3003721237182617 3200
1745963024626 1.371712565422058 3220
1745963026567 1.06354820728302 3240
1745963029495 1.4223439693450928 3260
1745963031757 1.2700233459472656 3280
1745963033986 1.2901908159255981 3300
1745963036017 1.3283663988113403 3320
1745963037901 1.5444839000701904 3340
1745963039896 2.146557331085205 3360
1745963041859 1.4526100158691406 3380
1745963044091 1.850854754447937 3400
1745963045644 1.2949624061584473 3420
1745963047636 1.0530855655670166 3440
1745963049613 1.0247149467468262 3460
1745963051696 1.345144271850586 3480
1745963053785 1.152527928352356 3500
1745963056030 0.8261693716049194 3520
1745963058582 0.7764368653297424 3540
1745963060486 1.173825979232788 3560
1745963062384 1.1747782230377197 3580
1745963064321 1.3219108581542969 3600
1745963066222 1.3468807935714722 3620
1745963068629 0.8405161499977112 3640
1745963070987 0.8824170827865601 3660
1745963072952 0.8230093717575073 3680
1745963074832 1.3727153539657593 3700
1745963076789 0.6810480952262878 3720
1745963081230 1.8467313051223755 3740
1745963085707 1.0474636554718018 3760
1745963090145 0.7970336675643921 3780
1745963094507 1.7160143852233887 3800
1745963098622 1.570244550704956 3820
1745963102554 1.382470726966858 3840
1745963106862 1.1002953052520752 3860
1745963111123 1.2623082399368286 3880
1745963114778 1.274928092956543 3900
1745963116973 0.95316082239151 3920
1745963118693 0.9182894825935364 3940
1745963120517 1.7488504648208618 3960
1745963122632 1.2090145349502563 3980
1745963124890 1.2130978107452393 4000
1745963127321 1.2500193119049072 4020
1745963129849 2.049217700958252 4040
1745963132434 1.5683995485305786 4060
1745963134334 1.27125084400177 4080
1745963136139 1.503599762916565 4100
1745963138409 1.0186522006988525 4120
1745963140860 1.0681538581848145 4140
1745963142914 1.2725056409835815 4160
1745963145440 1.7282634973526 4180
1745963147608 1.037337303161621 4200
1745963149669 1.3773648738861084 4220
1745963151577 0.5658791065216064 4240
1745963153666 1.4573312997817993 4260
1745963155915 0.8314496278762817 4280
1745963158388 1.0102189779281616 4300
1745963160501 0.7700380682945251 4320
1745963162649 1.487407922744751 4340
1745963164977 0.7804011702537537 4360
1745963167489 1.5557770729064941 4380
1745963170125 1.4211161136627197 4400
1745963172586 0.9860396385192871 4420
1745963174999 1.3732256889343262 4440
1745963177237 1.5290536880493164 4460
1745963178947 0.8864291906356812 4480
1745963181279 1.2358964681625366 4500
1745963183174 1.1938843727111816 4520
1745963185139 0.9648416042327881 4540
1745963187924 0.7789325714111328 4560
1745963189997 1.1167123317718506 4580
1745963192061 0.42334794998168945 4600
1745963194006 1.4078452587127686 4620
1745963196212 1.550648808479309 4640
1745963198683 1.635850191116333 4660
1745963201858 0.8658292293548584 4680
1745963203710 0.6705436110496521 4700
1745963205492 0.8383901119232178 4720
1745963207741 1.0726770162582397 4740
1745963209917 1.6639430522918701 4760
1745963212449 1.68407142162323 4780
1745963214671 1.7354543209075928 4800
1745963217038 1.7074435949325562 4820
1745963219338 0.9254472255706787 4840
1745963221123 0.8227536082267761 4860
1745963223333 1.0703221559524536 4880
1745963225189 1.2983989715576172 4900
1745963227375 1.1683459281921387 4920
1745963229725 1.016554832458496 4940
1745963232068 2.2054245471954346 4960
1745963233894 0.8134675025939941 4980
1745963235909 1.4798357486724854 5000
1745963238273 1.0422707796096802 5020
1745963240281 1.7924600839614868 5040
1745963242762 1.3809300661087036 5060
1745963244835 0.8926804065704346 5080
1745963246933 1.519752025604248 5100
1745963251523 1.1770846843719482 5120
1745963255686 1.0164533853530884 5140
1745963260300 1.6300660371780396 5160
1745963264822 0.895373523235321 5180
1745963268881 1.574052333831787 5200
1745963272739 2.021388053894043 5220
1745963276833 1.1663062572479248 5240
1745963434981 1.7111408710479736 5260
1745963437318 1.0751372575759888 5280
1745963439582 2.147404909133911 5300
1745963441877 1.8740594387054443 5320
1745963444456 1.4079921245574951 5340
1745963446842 1.068727970123291 5360
1745963449695 1.039756417274475 5380
1745963451678 1.2759596109390259 5400
1745963453554 1.781113624572754 5420
1745963456245 1.0508345365524292 5440
1745963458690 1.421688199043274 5460
1745963461394 1.1796985864639282 5480
1745963464275 0.7986119389533997 5500
1745963467599 1.3544888496398926 5520
1745963469704 0.8511427640914917 5540
1745963471991 0.8955079317092896 5560
1745963474729 0.9221141338348389 5580
1745963477743 0.7933241724967957 5600
1745963480409 1.3676419258117676 5620
1745963482966 1.1272567510604858 5640
1745963484941 1.2936973571777344 5660
1745963486909 1.3601691722869873 5680
1745963488905 1.4127542972564697 5700
1745963491249 1.6150634288787842 5720
1745963493408 0.839992105960846 5740
1745963495914 0.8519211411476135 5760
1745963498556 1.1231389045715332 5780
1745963500184 1.4961962699890137 5800
1745963502581 1.5452426671981812 5820
1745963504926 1.2365009784698486 5840
1745963507208 1.0513449907302856 5860
1745963509999 1.9366694688796997 5880
1745963512891 1.6695129871368408 5900
1745963515158 0.9534562826156616 5920
1745963517445 1.7864371538162231 5940
1745963520257 1.1651298999786377 5960
1745963522338 1.760149598121643 5980
1745963524567 0.8932576179504395 6000
1745963527438 1.2144076824188232 6020
1745963529022 1.3313918113708496 6040
1745963531236 1.4950405359268188 6060
1745963533585 0.9632941484451294 6080
1745963535464 1.412401795387268 6100
1745963537773 1.3807083368301392 6120
1745963539920 0.6231479048728943 6140
1745963542288 1.2310676574707031 6160
1745963544330 1.672179937362671 6180
1745963546244 1.0531140565872192 6200
1745963548256 1.0147175788879395 6220
1745963550495 1.1464650630950928 6240
1745963552727 1.8603075742721558 6260
1745963555030 1.5380821228027344 6280
1745963557291 1.882339596748352 6300
1745963559384 0.7457315921783447 6320
1745963561263 1.0750247240066528 6340
1745963563881 1.6859104633331299 6360
1745963566018 1.5189932584762573 6380
1745963568333 1.4335277080535889 6400
1745963570848 1.155704379081726 6420
1745963572898 0.8667144179344177 6440
1745963574603 1.0140771865844727 6460
1745963577504 1.1916043758392334 6480
1745963579470 1.028097152709961 6500
1745963581603 1.5097057819366455 6520
1745963583928 1.1193031072616577 6540
1745963586018 2.038499355316162 6560
1745963588203 0.7756054401397705 6580
1745963590653 1.3387739658355713 6600
1745963592734 0.9706896543502808 6620
1745963594496 0.928605318069458 6640
1745963596791 1.409332513809204 6660
1745963599071 1.5251102447509766 6680
1745963600949 1.4685027599334717 6700
1745963603013 1.5420745611190796 6720
1745963604836 1.0046448707580566 6740
1745963607316 1.0244786739349365 6760
1745963609745 0.9515723586082458 6780
1745963612373 1.6431766748428345 6800
1745963614331 1.229554533958435 6820
1745963616777 1.5919394493103027 6840
1745963619162 1.1591358184814453 6860
1745963621423 1.3585922718048096 6880
1745963623973 0.9748798608779907 6900
1745963625906 1.4059507846832275 6920
1745963627780 2.0937552452087402 6940
1745963629855 1.0284392833709717 6960
1745963631968 1.8966562747955322 6980
1745963633686 0.7944638729095459 7000
1745963636507 1.2584726810455322 7020
1745963639391 1.2786883115768433 7040
1745963643351 1.4788979291915894 7060
1745963647215 1.419968843460083 7080
1745963649209 1.1266093254089355 7100
1745963651517 1.4661333560943604 7120
1745963653392 1.0154558420181274 7140
1745963655597 0.9789785742759705 7160
1745963657923 0.8186220526695251 7180
1745963659855 1.1454254388809204 7200
1745963662024 1.2693052291870117 7220
1745963664071 1.4548004865646362 7240
1745963666070 1.2616004943847656 7260
1745963668175 0.8807486295700073 7280
1745963670157 1.478095293045044 7300
1745963672467 1.0679898262023926 7320
1745963674512 0.8058164119720459 7340
1745963676420 1.5518066883087158 7360
1745963678559 1.478954792022705 7380
1745963680615 1.1733722686767578 7400
1745963682887 1.7325669527053833 7420
1745963685304 0.8097484111785889 7440
1745963687068 1.1810581684112549 7460
1745963690382 1.7040942907333374 7480
1745963693682 1.4058626890182495 7500
1745963695613 1.1402913331985474 7520
1745963697720 1.5170347690582275 7540
1745963699818 1.216645359992981 7560
1745963701784 1.3686928749084473 7580
1745963703409 0.8111376762390137 7600
1745963705297 1.0885430574417114 7620
1745963707879 0.7707093954086304 7640
1745963710012 1.0657861232757568 7660
1745963712084 1.354453682899475 7680
1745963714204 1.054863452911377 7700
1745963716344 1.1196107864379883 7720
1745963718165 1.272099256515503 7740
