1745962389200 0.6919798851013184 20
1745962391247 0.7285940647125244 40
1745962393419 0.783822774887085 60
1745962395251 0.6713886857032776 80
1745962397577 0.6968616843223572 100
1745962399479 0.6716049909591675 120
1745962401813 0.791333019733429 140
1745962403893 0.6337935328483582 160
1745962405451 0.7151374816894531 180
1745962407770 0.7645582556724548 200
1745962409670 0.7238463759422302 220
1745962411854 0.7123346924781799 240
1745962414181 0.7714146971702576 260
1745962416145 0.7085755467414856 280
1745962418020 0.7582709789276123 300
1745962422452 0.7147662043571472 320
1745962426509 0.6852163672447205 340
1745962430757 0.7155852317810059 360
1745962434723 0.6560531854629517 380
1745962438893 0.6950896978378296 400
1745962442788 0.7284516096115112 420
1745962446496 0.7534539699554443 440
1745962450542 0.7434297204017639 460
1745962454048 0.7472115755081177 480
1745962455995 0.7369009852409363 500
1745962458161 0.7223266363143921 520
1745962459886 0.7255711555480957 540
1745962461731 0.6816063523292542 560
1745962463611 0.7181706428527832 580
1745962465594 0.7898738980293274 600
1745962467584 0.7948135137557983 620
1745962470417 0.7054157257080078 640
1745962472651 0.7135698795318604 660
1745962474775 0.6761252284049988 680
1745962478955 0.648912250995636 700
1745962482852 0.7066160440444946 720
1745962485684 0.7140216827392578 740
1745962487852 0.7524604797363281 760
1745962490008 0.7896870374679565 780
1745962491875 0.6817448139190674 800
1745962494490 0.6999501585960388 820
1745962497451 0.7399452924728394 840
1745962499678 0.7185671329498291 860
1745962501699 0.7324498891830444 880
1745962503931 0.7301251888275146 900
1745962506395 0.7047173380851746 920
1745962508157 0.6649819612503052 940
1745962510675 0.7116440534591675 960
1745962512446 0.7566440105438232 980
1745962514261 0.7159329056739807 1000
1745962516461 0.6885861754417419 1020
1745962518717 0.7469231486320496 1040
1745962520830 0.7032012343406677 1060
1745962522837 0.6778420209884644 1080
1745962524776 0.7190770506858826 1100
1745962526807 0.689562976360321 1120
1745962529059 0.8007234930992126 1140
1745962531470 0.7038255929946899 1160
1745962533335 0.6953716278076172 1180
1745962535324 0.6553992629051208 1200
1745962537205 0.7666109800338745 1220
1745962538945 0.7690703868865967 1240
1745962541272 0.7208596467971802 1260
1745962543399 0.7022204995155334 1280
1745962545623 0.6836131811141968 1300
1745962547426 0.7907333970069885 1320
1745962549062 0.7368463277816772 1340
1745962550924 0.7378392815589905 1360
1745962554401 0.710608184337616 1380
1745962556350 0.744461715221405 1400
1745962559237 0.788798451423645 1420
1745962560886 0.7065089344978333 1440
1745962562610 0.7978855967521667 1460
1745962564365 0.7412658333778381 1480
1745962566571 0.6886729001998901 1500
1745962568541 0.7295392751693726 1520
1745962571441 0.7370123863220215 1540
1745962576042 0.7361485362052917 1560
1745962579957 0.747124195098877 1580
1745962583831 0.7326669692993164 1600
1745962587998 0.7862644791603088 1620
1745962591909 0.6694576740264893 1640
1745962596072 0.6882691383361816 1660
1745962600253 0.802359938621521 1680
1745962603935 0.7086237668991089 1700
1745962607764 0.6745362877845764 1720
1745962611655 0.7922406792640686 1740
1745962615672 0.6922412514686584 1760
1745962619857 0.7342564463615417 1780
1745962624098 0.7240020036697388 1800
1745962628179 0.7543522119522095 1820
1745962632140 0.6858474612236023 1840
1745962636074 0.7033467888832092 1860
1745962640098 0.7387830018997192 1880
1745962644121 0.7046050429344177 1900
1745962648343 0.650529682636261 1920
1745962652460 0.7671168446540833 1940
1745962656199 0.7234789133071899 1960
1745962660189 0.7387063503265381 1980
1745962664356 0.7446072101593018 2000
1745962668383 0.6306807398796082 2020
1745962672445 0.6939796209335327 2040
1745962675410 0.7093919515609741 2060
1745962677698 0.702114999294281 2080
1745962679429 0.7308630347251892 2100
1745962680979 0.7560999393463135 2120
1745962683151 0.7541020512580872 2140
1745962684888 0.7431365251541138 2160
1745962689333 0.766168475151062 2180
1745962693371 0.8286128044128418 2200
1745962697223 0.731564462184906 2220
1745962701004 0.6903902292251587 2240
1745962705122 0.7296541929244995 2260
1745962709223 0.7326143383979797 2280
1745962713394 0.7658469080924988 2300
1745962717609 0.7339387536048889 2320
1745962721511 0.7794126868247986 2340
1745962725562 0.7164351344108582 2360
1745962729682 0.6909757256507874 2380
1745962733770 0.6820752024650574 2400
1745962737868 0.7605689167976379 2420
1745962742192 0.7656598687171936 2440
1745962746318 0.6875290870666504 2460
1745962750282 0.7435458898544312 2480
1745962754361 0.791664183139801 2500
1745962758426 0.7026204466819763 2520
1745962762626 0.7776229977607727 2540
1745962767495 0.7407485842704773 2560
1745962772076 0.6866235733032227 2580
1745962774113 0.7856248617172241 2600
1745962775976 0.7793357372283936 2620
1745962966351 0.7144829630851746 2640
1745962968603 0.6855836510658264 2660
1745962970226 0.7482939958572388 2680
1745962972439 0.6900343298912048 2700
1745962974291 0.716521680355072 2720
1745962976609 0.7379765510559082 2740
1745962978695 0.6959765553474426 2760
1745962981110 0.6993215680122375 2780
1745962983208 0.7354431748390198 2800
1745962985083 0.7432480454444885 2820
1745962987059 0.7819808125495911 2840
1745962989009 0.7448319792747498 2860
1745962990837 0.7327723503112793 2880
1745962993018 0.7784307599067688 2900
1745962994861 0.7251330018043518 2920
1745962996689 0.7194254994392395 2940
1745962998525 0.7231265306472778 2960
1745963000658 0.7158734798431396 2980
1745963002476 0.7169235348701477 3000
1745963004481 0.6757678389549255 3020
1745963006554 0.6971153616905212 3040
1745963008642 0.7279521822929382 3060
1745963010586 0.7001510858535767 3080
1745963012428 0.6952810883522034 3100
1745963014572 0.7558131217956543 3120
1745963017088 0.7698904275894165 3140
1745963019074 0.6919481158256531 3160
1745963020860 0.7403680086135864 3180
1745963022661 0.8353984355926514 3200
1745963024623 0.7519448399543762 3220
1745963026540 0.6470216512680054 3240
1745963029492 0.8078053593635559 3260
1745963031753 0.6607998609542847 3280
1745963033983 0.6584804058074951 3300
1745963036014 0.729148805141449 3320
1745963037896 0.7050411105155945 3340
1745963039892 0.7266649007797241 3360
1745963041855 0.70779949426651 3380
1745963044088 0.7779659032821655 3400
1745963045641 0.7737658619880676 3420
1745963047633 0.6845113039016724 3440
1745963049612 0.6699317693710327 3460
1745963051692 0.7599024772644043 3480
1745963053782 0.7230597734451294 3500
1745963056028 0.7612306475639343 3520
1745963058579 0.6873595118522644 3540
1745963060483 0.7446661591529846 3560
1745963062382 0.715617835521698 3580
1745963064317 0.7439967393875122 3600
1745963066219 0.7311916947364807 3620
1745963068626 0.6516643762588501 3640
1745963070985 0.683239758014679 3660
1745963072950 0.7235608696937561 3680
1745963074828 0.7347971200942993 3700
1745963076784 0.6391422748565674 3720
1745963081227 0.7473019361495972 3740
1745963085703 0.7289854884147644 3760
1745963090142 0.7767731547355652 3780
1745963094504 0.7979669570922852 3800
1745963098620 0.7400343418121338 3820
1745963102551 0.7595005035400391 3840
1745963106859 0.6740697026252747 3860
1745963111120 0.7050355672836304 3880
1745963114774 0.7863761782646179 3900
1745963116970 0.6787824034690857 3920
1745963118690 0.7153779864311218 3940
1745963120515 0.673367977142334 3960
1745963122630 0.6978111863136292 3980
1745963124887 0.7463238835334778 4000
1745963127317 0.7184944748878479 4020
1745963129846 0.7688765525817871 4040
1745963132428 0.7724571824073792 4060
1745963134332 0.7078325748443604 4080
1745963136135 0.7986752986907959 4100
1745963138406 0.7174537777900696 4120
1745963140858 0.7445390224456787 4140
1745963142910 0.6781793236732483 4160
1745963145438 0.7524339556694031 4180
1745963147605 0.6643394827842712 4200
1745963149667 0.6844397783279419 4220
1745963151573 0.7535414695739746 4240
1745963153661 0.781807541847229 4260
1745963155912 0.6737250685691833 4280
1745963158385 0.7583447694778442 4300
1745963160497 0.7549027800559998 4320
1745963162646 0.7263584733009338 4340
1745963164974 0.7279996275901794 4360
1745963167486 0.6644275188446045 4380
1745963170120 0.7691471576690674 4400
1745963172583 0.7770575284957886 4420
1745963174996 0.7211466431617737 4440
1745963177235 0.7589414119720459 4460
1745963178943 0.7368817925453186 4480
1745963181278 0.7697107195854187 4500
1745963183172 0.7398194670677185 4520
1745963185137 0.7464444637298584 4540
1745963187921 0.7307995557785034 4560
1745963189994 0.6667661070823669 4580
1745963192059 0.6216278672218323 4600
1745963194003 0.7682912945747375 4620
1745963196209 0.7320906519889832 4640
1745963198681 0.8016871213912964 4660
1745963201856 0.6462569236755371 4680
1745963203706 0.729270875453949 4700
1745963205490 0.7154440879821777 4720
1745963207737 0.6693743467330933 4740
1745963209913 0.7820631265640259 4760
1745963212444 0.7142767906188965 4780
1745963214668 0.7052075266838074 4800
1745963217035 0.7882620096206665 4820
1745963219334 0.7082726955413818 4840
1745963221120 0.7549640536308289 4860
1745963223329 0.7588300704956055 4880
1745963225184 0.7612295150756836 4900
1745963227371 0.6751085519790649 4920
1745963229721 0.7548429369926453 4940
1745963232066 0.7443956136703491 4960
1745963233891 0.7858850359916687 4980
1745963235905 0.7378817796707153 5000
1745963238270 0.6742774844169617 5020
1745963240278 0.6526354551315308 5040
1745963242757 0.7165725827217102 5060
1745963244832 0.6708523631095886 5080
1745963246929 0.6960364580154419 5100
1745963251520 0.7628632187843323 5120
1745963255683 0.6850088834762573 5140
1745963260296 0.7627177238464355 5160
1745963264817 0.7236257195472717 5180
1745963268877 0.7751893401145935 5200
1745963272737 0.7698661684989929 5220
1745963276831 0.6872578859329224 5240
1745963434977 0.7772260308265686 5260
1745963437314 0.6879221200942993 5280
1745963439579 0.8043394684791565 5300
1745963441875 0.7236985564231873 5320
1745963444454 0.75821453332901 5340
1745963446839 0.7231432795524597 5360
1745963449693 0.7827773094177246 5380
1745963451669 0.7085047960281372 5400
1745963453552 0.8003835082054138 5420
1745963456243 0.7220694422721863 5440
1745963458688 0.728774905204773 5460
1745963461390 0.6895837783813477 5480
1745963464273 0.6849429607391357 5500
1745963467597 0.7549708485603333 5520
1745963469701 0.6898648142814636 5540
1745963471988 0.699198842048645 5560
1745963474727 0.761189877986908 5580
1745963477739 0.7429407835006714 5600
1745963480406 0.677593469619751 5620
1745963482964 0.7127840518951416 5640
1745963484939 0.7182952165603638 5660
1745963486908 0.7663702964782715 5680
1745963488903 0.6790151596069336 5700
1745963491247 0.8004346489906311 5720
1745963493405 0.6672180891036987 5740
1745963495911 0.7276673913002014 5760
1745963498555 0.7384935617446899 5780
1745963500180 0.7412973642349243 5800
1745963502579 0.7289160490036011 5820
1745963504922 0.7463184595108032 5840
1745963507203 0.6968100666999817 5860
1745963509997 0.7031980752944946 5880
1745963512889 0.7740141749382019 5900
1745963515155 0.6916133761405945 5920
1745963517441 0.7522408962249756 5940
1745963520254 0.7497634291648865 5960
1745963522334 0.7662273645401001 5980
1745963524564 0.6588123440742493 6000
1745963527436 0.7280783653259277 6020
1745963529019 0.7202885150909424 6040
1745963531232 0.7671540379524231 6060
1745963533583 0.6883580088615417 6080
1745963535461 0.7067975997924805 6100
1745963537770 0.7866818904876709 6120
1745963539916 0.7170316576957703 6140
1745963542285 0.73304682970047 6160
1745963544327 0.8075932860374451 6180
1745963546241 0.6978582143783569 6200
1745963548254 0.7479944825172424 6220
1745963550493 0.6974614858627319 6240
1745963552724 0.819316565990448 6260
1745963555028 0.7377386093139648 6280
1745963557289 0.7191513180732727 6300
1745963559381 0.7185575366020203 6320
1745963561260 0.695780873298645 6340
1745963563879 0.7467979788780212 6360
1745963566016 0.7086667418479919 6380
1745963568330 0.7549571394920349 6400
1745963570846 0.7673906683921814 6420
1745963572894 0.7114289402961731 6440
1745963574599 0.7093285918235779 6460
1745963577502 0.7265927791595459 6480
1745963579467 0.7735500931739807 6500
1745963581600 0.743337094783783 6520
1745963583924 0.7864412069320679 6540
1745963586015 0.724574625492096 6560
1745963588200 0.66297847032547 6580
1745963590650 0.7218990325927734 6600
1745963592731 0.6964518427848816 6620
1745963594493 0.736687958240509 6640
1745963596788 0.7049016952514648 6660
1745963599068 0.7560334205627441 6680
1745963600947 0.7439823150634766 6700
1745963603010 0.7183777689933777 6720
1745963604832 0.7359215021133423 6740
1745963607314 0.7263460755348206 6760
1745963609743 0.7085719108581543 6780
1745963612371 0.7360236644744873 6800
1745963614329 0.7499173283576965 6820
1745963616775 0.8014951348304749 6840
1745963619158 0.7079423069953918 6860
1745963621420 0.7702397108078003 6880
1745963623971 0.7624011635780334 6900
1745963625902 0.6574338674545288 6920
1745963627777 0.7658379077911377 6940
1745963629852 0.6733856797218323 6960
1745963631965 0.7549907565116882 6980
1745963633684 0.6824765801429749 7000
1745963636504 0.7855859994888306 7020
1745963639388 0.744466245174408 7040
1745963642626 0.7347293496131897 7060
1745963647212 0.6733285784721375 7080
1745963649206 0.8011473417282104 7100
1745963651514 0.7556427717208862 7120
1745963653390 0.7000362873077393 7140
1745963655594 0.6957964301109314 7160
1745963657920 0.7451362013816833 7180
1745963659851 0.6692262291908264 7200
1745963662020 0.7006180882453918 7220
1745963664068 0.7618426084518433 7240
1745963666066 0.7756738662719727 7260
1745963668172 0.7479031085968018 7280
1745963670154 0.75690758228302 7300
1745963672464 0.7784334421157837 7320
1745963674509 0.7077620029449463 7340
1745963676416 0.6475524306297302 7360
1745963678556 0.6701806783676147 7380
1745963680612 0.6911656260490417 7400
1745963682883 0.7199283838272095 7420
1745963685302 0.7448112964630127 7440
1745963687066 0.7423143982887268 7460
1745963689655 0.7297771573066711 7480
1745963693677 0.7484266757965088 7500
1745963695609 0.7477805614471436 7520
1745963697717 0.7752599120140076 7540
1745963699815 0.7028377652168274 7560
1745963701781 0.7675146460533142 7580
1745963703407 0.6660409569740295 7600
1745963705294 0.7191318869590759 7620
1745963707876 0.7116290926933289 7640
1745963710010 0.693122923374176 7660
1745963712081 0.7500097751617432 7680
1745963714200 0.6723621487617493 7700
1745963716342 0.7269595265388489 7720
1745963718160 0.724341869354248 7740
