1745962389205 0.02777777798473835 20
1745962391252 0.07042253762483597 40
1745962393424 0.0234375 60
1745962395257 0.15217390656471252 80
1745962397583 0.043209876865148544 100
1745962399486 0.03529411926865578 120
1745962401819 0.008064515888690948 140
1745962403900 0.07500000298023224 160
1745962405459 0.0873015895485878 180
1745962407774 0.0357142873108387 200
1745962409677 0.027027027681469917 220
1745962411860 0.016949152573943138 240
1745962414188 0.0486486479640007 260
1745962416150 0.0 280
1745962418027 0.05454545468091965 300
1745962422457 0.060975611209869385 320
1745962426513 0.07547169923782349 340
1745962430762 0.06629834324121475 360
1745962434728 0.09803921729326248 380
1745962438898 0.020270269364118576 400
1745962442793 0.013888888992369175 420
1745962446504 0.027906976640224457 440
1745962450547 0.02469135820865631 460
1745962454055 0.09271523356437683 480
1745962456003 0.1538461595773697 500
1745962458167 0.052173912525177 520
1745962459891 0.10000000149011612 540
1745962461740 0.05319149047136307 560
1745962463617 0.04417670518159866 580
1745962465600 0.026737967506051064 600
1745962467589 0.03164556995034218 620
1745962470424 0.03999999910593033 640
1745962472657 0.04324324429035187 660
1745962474781 0.02985074557363987 680
1745962478960 0.05113636329770088 700
1745962482859 0.06086956337094307 720
1745962485689 0.04040404036641121 740
1745962487857 0.025316456332802773 760
1745962490017 0.028985507786273956 780
1745962491882 0.25806450843811035 800
1745962494496 0.03773584961891174 820
1745962497457 0.07874015718698502 840
1745962499686 0.021897809579968452 860
1745962501705 0.05882352963089943 880
1745962503936 0.12903225421905518 900
1745962506402 0.025510204955935478 920
1745962508163 0.075581394135952 940
1745962510680 0.0446428582072258 960
1745962512458 0.019417475908994675 980
1745962514266 0.04395604506134987 1000
1745962516467 0.11764705926179886 1020
1745962518734 0.02158273383975029 1040
1745962520834 0.004545454401522875 1060
1745962522842 0.12179487198591232 1080
1745962524787 0.0873015895485878 1100
1745962526813 0.02512562833726406 1120
1745962529064 0.040816325694322586 1140
1745962531480 0.05263157933950424 1160
1745962533340 0.07751937955617905 1180
1745962535330 0.04137931019067764 1200
1745962537215 0.11290322244167328 1220
1745962538951 0.03333333507180214 1240
1745962541279 0.0416666679084301 1260
1745962543405 0.032258063554763794 1280
1745962545627 0.09923664480447769 1300
1745962547431 0.0279720276594162 1320
1745962549068 0.03539822995662689 1340
1745962550931 0.030075188726186752 1360
1745962554409 0.032786883413791656 1380
1745962556356 0.09883721172809601 1400
1745962559243 0.037383176386356354 1420
1745962560890 0.0891089141368866 1440
1745962562616 0.02678571455180645 1460
1745962564371 0.04278074949979782 1480
1745962566576 0.06965173780918121 1500
1745962568547 0.035087719559669495 1520
1745962571446 0.10638298094272614 1540
1745962576047 0.03921568766236305 1560
1745962579962 0.03305784985423088 1580
1745962583838 0.06976744532585144 1600
1745962588003 0.015267175622284412 1620
1745962591916 0.15909090638160706 1640
1745962596077 0.058252427726984024 1660
1745962600260 0.0559440553188324 1680
1745962603940 0.23943662643432617 1700
1745962607771 0.05263157933950424 1720
1745962611660 0.05511811003088951 1740
1745962615678 0.11340206116437912 1760
1745962619863 0.04098360612988472 1780
1745962624102 0.03267974033951759 1800
1745962628185 0.028708133846521378 1820
1745962632145 0.08666666597127914 1840
1745962636079 0.023255813866853714 1860
1745962640103 0.05298013240098953 1880
1745962644127 0.12380952388048172 1900
1745962648348 0.03500000014901161 1920
1745962652467 0.12903225421905518 1940
1745962656205 0.23157894611358643 1960
1745962660194 0.025423727929592133 1980
1745962664361 0.02777777798473835 2000
1745962668389 0.09090909361839294 2020
1745962672451 0.05347593501210213 2040
1745962675416 0.043668121099472046 2060
1745962677704 0.0758293867111206 2080
1745962679435 0.05932203307747841 2100
1745962680986 0.010152284055948257 2120
1745962683157 0.06756756454706192 2140
1745962684894 0.06896551698446274 2160
1745962689339 0.03999999910593033 2180
1745962693378 0.04494382068514824 2200
1745962697230 0.04411764815449715 2220
1745962701009 0.019736841320991516 2240
1745962705127 0.05699481815099716 2260
1745962709230 0.009345794096589088 2280
1745962713400 0.09604519605636597 2300
1745962717614 0.05369127541780472 2320
1745962721517 0.021739130839705467 2340
1745962725568 0.04109589010477066 2360
1745962729686 0.05928853899240494 2380
1745962733777 0.03030303120613098 2400
1745962737874 0.006211180239915848 2420
1745962742197 0.07086614519357681 2440
1745962746322 0.16587677597999573 2460
1745962750286 0.03153153136372566 2480
1745962754366 0.02500000037252903 2500
1745962758431 0.024038461968302727 2520
1745962762631 0.06586826592683792 2540
1745962768942 0.0746268630027771 2560
1745962772081 0.06060606241226196 2580
1745962774119 0.0656934306025505 2600
1745962775980 0.028169013559818268 2620
1745962966363 0.04800000041723251 2640
1745962968610 0.0827067643404007 2660
1745962970231 0.15131579339504242 2680
1745962972445 0.05454545468091965 2700
1745962974296 0.03333333507180214 2720
1745962976615 0.05517241358757019 2740
1745962978699 0.024793388321995735 2760
1745962981114 0.019801979884505272 2780
1745962983213 0.008888889104127884 2800
1745962985087 0.015037594363093376 2820
1745962987063 0.07407407462596893 2840
1745962989013 0.0758293867111206 2860
1745962990845 0.06535948067903519 2880
1745962993023 0.015228426083922386 2900
1745962994866 0.020512821152806282 2920
1745962996696 0.056910570710897446 2940
1745962998532 0.030487805604934692 2960
1745963000665 0.12182740867137909 2980
1745963002481 0.08602150529623032 3000
1745963004489 0.08021390438079834 3020
1745963006569 0.043103449046611786 3040
1745963008648 0.07407407462596893 3060
1745963010592 0.0555555559694767 3080
1745963012437 0.104347825050354 3100
1745963014578 0.03381642326712608 3120
1745963017095 0.032258063554763794 3140
1745963019080 0.1135135143995285 3160
1745963020868 0.0972222238779068 3180
1745963022666 0.0451388880610466 3200
1745963024628 0.0 3220
1745963026571 0.04511278122663498 3240
1745963029498 0.009523809887468815 3260
1745963031760 0.10396039485931396 3280
1745963033989 0.08474576473236084 3300
1745963036019 0.01515151560306549 3320
1745963037905 0.013574660755693913 3340
1745963039898 0.05649717524647713 3360
1745963041862 0.04848484694957733 3380
1745963044093 0.013071895577013493 3400
1745963045646 0.0765027329325676 3420
1745963047638 0.11046511679887772 3440
1745963049615 0.025641025975346565 3460
1745963051699 0.019999999552965164 3480
1745963053788 0.06435643881559372 3500
1745963056032 0.02684563770890236 3520
1745963058584 0.05128205195069313 3540
1745963060489 0.071856290102005 3560
1745963062387 0.05833333358168602 3580
1745963064324 0.05524861812591553 3600
1745963066224 0.023364486172795296 3620
1745963068631 0.040816325694322586 3640
1745963070989 0.10655737668275833 3660
1745963072955 0.06862745434045792 3680
1745963074833 0.05999999865889549 3700
1745963076793 0.14912280440330505 3720
1745963081233 0.0555555559694767 3740
1745963085711 0.11724138259887695 3760
1745963090147 0.15217390656471252 3780
1745963094509 0.015384615398943424 3800
1745963098625 0.06666667014360428 3820
1745963102557 0.032258063554763794 3840
1745963106864 0.08527132123708725 3860
1745963111126 0.011904762126505375 3880
1745963114781 0.010416666977107525 3900
1745963116976 0.09401709586381912 3920
1745963118695 0.08053690940141678 3940
1745963120519 0.054999999701976776 3960
1745963122635 0.010309278033673763 3980
1745963124892 0.19620253145694733 4000
1745963127324 0.0615384615957737 4020
1745963129851 0.0308880303055048 4040
1745963132437 0.1111111119389534 4060
1745963134337 0.07920791953802109 4080
1745963136142 0.07831325381994247 4100
1745963138412 0.10869564861059189 4120
1745963140862 0.0784313753247261 4140
1745963142916 0.06465516984462738 4160
1745963145442 0.0379146933555603 4180
1745963147611 0.04285714402794838 4200
1745963149671 0.05673758685588837 4220
1745963151580 0.08799999952316284 4240
1745963153668 0.03921568766236305 4260
1745963155917 0.08029197156429291 4280
1745963158390 0.05263157933950424 4300
1745963160503 0.1304347813129425 4320
1745963162651 0.0173611119389534 4340
1745963164980 0.07758620381355286 4360
1745963167492 0.060150377452373505 4380
1745963170128 0.004347825888544321 4400
1745963172588 0.07692307978868484 4420
1745963175002 0.0317460335791111 4440
1745963177239 0.026455026119947433 4460
1745963178950 0.0746268630027771 4480
1745963181281 0.029069768264889717 4500
1745963183176 0.03153153136372566 4520
1745963185140 0.04672897234559059 4540
1745963187926 0.08474576473236084 4560
1745963189998 0.07865168899297714 4580
1745963192063 0.08163265138864517 4600
1745963194008 0.03351955488324165 4620
1745963196214 0.04511278122663498 4640
1745963198685 0.05485232174396515 4660
1745963201860 0.12790697813034058 4680
1745963203713 0.13461539149284363 4700
1745963205494 0.15447154641151428 4720
1745963207743 0.05213269963860512 4740
1745963209920 0.022857142612338066 4760
1745963212452 0.04621848836541176 4780
1745963214673 0.04743082821369171 4800
1745963217040 0.03787878900766373 4820
1745963219341 0.058139536529779434 4840
1745963221126 0.12631578743457794 4860
1745963223335 0.07741935551166534 4880
1745963225192 0.21568627655506134 4900
1745963227377 0.0803571417927742 4920
1745963229727 0.07070706784725189 4940
1745963232071 0.0117647061124444 4960
1745963233897 0.04411764815449715 4980
1745963235911 0.023255813866853714 5000
1745963238275 0.009433962404727936 5020
1745963240282 0.00800000037997961 5040
1745963242764 0.06956521421670914 5060
1745963244840 0.02985074557363987 5080
1745963246935 0.032786883413791656 5100
1745963251526 0.13513512909412384 5120
1745963255688 0.09659090638160706 5140
1745963260303 0.03846153989434242 5160
1745963264825 0.01315789483487606 5180
1745963268884 0.03030303120613098 5200
1745963272741 0.0223214291036129 5220
1745963276835 0.11363636702299118 5240
1745963434984 0.03719008341431618 5260
1745963437321 0.1428571492433548 5280
1745963439584 0.058139536529779434 5300
1745963441879 0.013793103396892548 5320
1745963444458 0.07207207381725311 5340
1745963446844 0.08403361588716507 5360
1745963449697 0.11851851642131805 5380
1745963451680 0.0560000017285347 5400
1745963453556 0.050632912665605545 5420
1745963456247 0.06382978707551956 5440
1745963458693 0.05263157933950424 5460
1745963461397 0.0731707289814949 5480
1745963464277 0.07777778059244156 5500
1745963467601 0.03252032399177551 5520
1745963469707 0.095238097012043 5540
1745963471993 0.02777777798473835 5560
1745963474731 0.042553190141916275 5580
1745963477745 0.08372092992067337 5600
1745963480411 0.06730769574642181 5620
1745963482968 0.01666666753590107 5640
1745963484944 0.09000000357627869 5660
1745963486911 0.01666666753590107 5680
1745963488907 0.03211009129881859 5700
1745963491252 0.0446428582072258 5720
1745963493410 0.09929078072309494 5740
1745963495917 0.10526315867900848 5760
1745963498558 0.08264462649822235 5780
1745963500187 0.0520833320915699 5800
1745963502584 0.1111111119389534 5820
1745963504929 0.0446428582072258 5840
1745963507210 0.018691588193178177 5860
1745963510002 0.0234375 5880
1745963512894 0.0625 5900
1745963515160 0.12068965286016464 5920
1745963517447 0.08585858345031738 5940
1745963520259 0.05181347206234932 5960
1745963522340 0.035211268812417984 5980
1745963524569 0.00826446246355772 6000
1745963527440 0.04545454680919647 6020
1745963529025 0.1120000034570694 6040
1745963531239 0.019999999552965164 6060
1745963533587 0.04395604506134987 6080
1745963535467 0.03500000014901161 6100
1745963537776 0.010638297535479069 6120
1745963539922 0.1111111119389534 6140
1745963542290 0.0782608687877655 6160
1745963544332 0.024193547666072845 6180
1745963546245 0.00909090880304575 6200
1745963548258 0.04040404036641121 6220
1745963550497 0.11794871836900711 6240
1745963552729 0.10447761416435242 6260
1745963555032 0.05970149114727974 6280
1745963557293 0.06741572916507721 6300
1745963559387 0.049504950642585754 6320
1745963561265 0.06532663106918335 6340
1745963563883 0.03781512752175331 6360
1745963566020 0.041916169226169586 6380
1745963568336 0.02298850566148758 6400
1745963570851 0.013392857275903225 6420
1745963572900 0.12380952388048172 6440
1745963574606 0.13567839562892914 6460
1745963577507 0.0 6480
1745963579474 0.04597701132297516 6500
1745963581605 0.033898305147886276 6520
1745963583931 0.07086614519357681 6540
1745963586020 0.015748031437397003 6560
1745963588206 0.07547169923782349 6580
1745963590656 0.09433962404727936 6600
1745963592737 0.07999999821186066 6620
1745963594498 0.16083915531635284 6640
1745963596793 0.07692307978868484 6660
1745963599073 0.07006369531154633 6680
1745963600952 0.057553958147764206 6700
1745963603016 0.05384615436196327 6720
1745963604838 0.034246575087308884 6740
1745963607319 0.032258063554763794 6760
1745963609748 0.05042016878724098 6780
1745963612375 0.0416666679084301 6800
1745963614334 0.01666666753590107 6820
1745963616779 0.036036036908626556 6840
1745963619165 0.15609756112098694 6860
1745963621425 0.06293706595897675 6880
1745963623976 0.06849315017461777 6900
1745963625908 0.051428571343421936 6920
1745963627783 0.04858299717307091 6940
1745963629858 0.03488372266292572 6960
1745963631970 0.040816325694322586 6980
1745963633690 0.2164948433637619 7000
1745963636510 0.048192769289016724 7020
1745963639394 0.1428571492433548 7040
1745963644070 0.095238097012043 7060
1745963647217 0.0379146933555603 7080
1745963649212 0.0234375 7100
1745963651521 0.05263157933950424 7120
1745963653395 0.043795619159936905 7140
1745963655600 0.0714285746216774 7160
1745963657926 0.0714285746216774 7180
1745963659858 0.065476194024086 7200
1745963662026 0.09009008854627609 7220
1745963664074 0.1133333370089531 7240
1745963666073 0.052356019616127014 7260
1745963668178 0.07575757801532745 7280
1745963670162 0.018939394503831863 7300
1745963672471 0.022727273404598236 7320
1745963674514 0.09638553857803345 7340
1745963676422 0.05882352963089943 7360
1745963678561 0.024193547666072845 7380
1745963680617 0.04591836780309677 7400
1745963682889 0.025477707386016846 7420
1745963685306 0.10144927352666855 7440
1745963687070 0.08433734625577927 7460
1745963691102 0.0797872319817543 7480
1745963693685 0.06374502182006836 7500
1745963695615 0.040697675198316574 7520
1745963697723 0.05000000074505806 7540
1745963699820 0.046875 7560
1745963701787 0.024193547666072845 7580
1745963703412 0.11564625799655914 7600
1745963705301 0.09278350323438644 7620
1745963707882 0.05932203307747841 7640
1745963710014 0.038277510553598404 7660
1745963712086 0.02857142873108387 7680
1745963714207 0.09615384787321091 7700
1745963716347 0.021276595070958138 7720
1745963718168 0.1860465109348297 7740
