1745962389208 0.006666666828095913 20
1745962391254 0.033670034259557724 40
1745962393426 0.014423076994717121 60
1745962395259 0.030434781685471535 80
1745962397585 0.02413793094456196 100
1745962399489 0.011111111380159855 120
1745962401822 0.0063091483898460865 140
1745962403903 0.04035874456167221 160
1745962405461 0.030136985704302788 180
1745962407777 0.013192611746490002 200
1745962409679 0.011952191591262817 220
1745962411863 0.008298755623400211 240
1745962414190 0.02760736271739006 260
1745962416152 0.0 280
1745962418030 0.01550387591123581 300
1745962422459 0.03448275849223137 320
1745962426515 0.022284122183918953 340
1745962430766 0.034285712987184525 360
1745962434730 0.04273504391312599 380
1745962438901 0.009009009227156639 400
1745962442795 0.0034722222480922937 420
1745962446507 0.018018018454313278 440
1745962450549 0.012698412872850895 460
1745962454059 0.0555555559694767 480
1745962456005 0.0308880303055048 500
1745962458171 0.028037382289767265 520
1745962459894 0.05263157933950424 540
1745962461743 0.0150602413341403 560
1745962463619 0.03170028701424599 580
1745962465602 0.012690355069935322 600
1745962467591 0.024038461968302727 620
1745962470427 0.015267175622284412 640
1745962472660 0.021621622145175934 660
1745962474784 0.009732360020279884 680
1745962478964 0.02368421107530594 700
1745962482862 0.027131782844662666 720
1745962485691 0.013333333656191826 740
1745962487860 0.011527377180755138 760
1745962490020 0.008385743945837021 780
1745962491886 0.03703703731298447 800
1745962494499 0.01840490847826004 820
1745962497459 0.04878048598766327 840
1745962499689 0.014999999664723873 860
1745962501707 0.025641025975346565 880
1745962503938 0.03141361102461815 900
1745962506405 0.012106537818908691 920
1745962508166 0.04377104341983795 940
1745962510682 0.01515151560306549 960
1745962512460 0.006849315017461777 980
1745962514269 0.02240896411240101 1000
1745962516469 0.0615384615957737 1020
1745962518738 0.009345794096589088 1040
1745962520837 0.002463054144755006 1060
1745962522844 0.07364340871572495 1080
1745962524791 0.047413792461156845 1100
1745962526815 0.015625 1120
1745962529066 0.023904383182525635 1140
1745962531486 0.035608310252428055 1160
1745962533343 0.05649717524647713 1180
1745962535332 0.015306122601032257 1200
1745962537217 0.06913580000400543 1220
1745962538953 0.019999999552965164 1240
1745962541281 0.024221453815698624 1260
1745962543408 0.016835017129778862 1280
1745962545630 0.038235295563936234 1300
1745962547434 0.01092896144837141 1320
1745962549071 0.015209125354886055 1340
1745962550934 0.023054754361510277 1360
1745962554411 0.018518518656492233 1380
1745962556358 0.05483870953321457 1400
1745962559245 0.014598540030419827 1420
1745962560891 0.05187319964170456 1440
1745962562620 0.009493670426309109 1460
1745962564375 0.01826483942568302 1480
1745962566578 0.03921568766236305 1500
1745962568552 0.02168021723628044 1520
1745962571449 0.05540166050195694 1540
1745962576049 0.018575850874185562 1560
1745962579964 0.015625 1580
1745962583841 0.035820893943309784 1600
1745962588005 0.005235602147877216 1620
1745962591917 0.06763284653425217 1640
1745962596079 0.01807228848338127 1660
1745962600262 0.020202020183205605 1680
1745962603942 0.07172995805740356 1700
1745962607773 0.013636363670229912 1720
1745962611662 0.024561403319239616 1740
1745962615680 0.055979643017053604 1760
1745962619866 0.010482179932296276 1780
1745962624105 0.014534884132444859 1800
1745962628188 0.017595307901501656 1820
1745962632148 0.03735632076859474 1840
1745962636081 0.011673151515424252 1860
1745962640105 0.024169184267520905 1880
1745962644129 0.049618322402238846 1900
1745962648351 0.026119403541088104 1920
1745962652470 0.08648648858070374 1940
1745962656208 0.08494208753108978 1960
1745962660196 0.011406844481825829 1980
1745962664363 0.01568627543747425 2000
1745962668394 0.03249097615480423 2020
1745962672455 0.024330900982022285 2040
1745962675418 0.02590673603117466 2060
1745962677707 0.051948051899671555 2080
1745962679437 0.023102309554815292 2100
1745962680988 0.006493506487458944 2120
1745962683170 0.026809651404619217 2140
1745962684899 0.038910504430532455 2160
1745962689341 0.01795332133769989 2180
1745962693381 0.02476780116558075 2200
1745962697232 0.024000000208616257 2220
1745962701011 0.012145749293267727 2240
1745962705129 0.029569892212748528 2260
1745962709233 0.004000000189989805 2280
1745962713403 0.03890160098671913 2300
1745962717617 0.01702127605676651 2320
1745962721519 0.01568627543747425 2340
1745962725571 0.021897809579968452 2360
1745962729689 0.04032257944345474 2380
1745962733780 0.010775862261652946 2400
1745962737877 0.0038314175326377153 2420
1745962742200 0.057692307978868484 2440
1745962746325 0.09749303758144379 2460
1745962750288 0.0191256832331419 2480
1745962754368 0.010256410576403141 2500
1745962758433 0.011086474172770977 2520
1745962762633 0.038327526301145554 2540
1745962769662 0.020533880218863487 2560
1745962772085 0.02461538463830948 2580
1745962774122 0.023872679099440575 2600
1745962775983 0.010282776318490505 2620
1745962966365 0.032786883413791656 2640
1745962968612 0.03333333507180214 2660
1745962970233 0.0798611119389534 2680
1745962972447 0.025423727929592133 2700
1745962974299 0.021671826019883156 2720
1745962976617 0.02985074557363987 2740
1745962978700 0.00800000037997961 2760
1745962981115 0.00826446246355772 2780
1745962983215 0.0049019609577953815 2800
1745962985089 0.005063291173428297 2820
1745962987065 0.04444444552063942 2840
1745962989015 0.04848484694957733 2860
1745962990848 0.021691974252462387 2880
1745962993025 0.008645533584058285 2900
1745962994868 0.01002506259828806 2920
1745962996698 0.01886792480945587 2940
1745962998535 0.018726591020822525 2960
1745963000667 0.07058823853731155 2980
1745963002483 0.028169013559818268 3000
1745963004494 0.04491018131375313 3020
1745963006571 0.012690355069935322 3040
1745963008650 0.025641025975346565 3060
1745963010595 0.036231882870197296 3080
1745963012440 0.0476190485060215 3100
1745963014581 0.018766755238175392 3120
1745963017097 0.012376237660646439 3140
1745963019083 0.08502024412155151 3160
1745963020871 0.022727273404598236 3180
1745963022669 0.03002309426665306 3200
1745963024631 0.0 3220
1745963026575 0.01812688820064068 3240
1745963029500 0.0029069767333567142 3260
1745963031763 0.05801105126738548 3280
1745963033992 0.04109589010477066 3300
1745963036022 0.010273972526192665 3320
1745963037908 0.008333333767950535 3340
1745963039900 0.041753653436899185 3360
1745963041865 0.021917808800935745 3380
1745963044095 0.004651162773370743 3400
1745963045648 0.044025156646966934 3420
1745963047640 0.05637982115149498 3440
1745963049617 0.007575757801532745 3460
1745963051703 0.010067113675177097 3480
1745963053791 0.03466666489839554 3500
1745963056035 0.02222222276031971 3520
1745963058586 0.017241379246115685 3540
1745963060491 0.0416666679084301 3560
1745963062389 0.017632242292165756 3580
1745963064326 0.026455026119947433 3600
1745963066227 0.015105740167200565 3620
1745963068634 0.01923076994717121 3640
1745963070991 0.061032865196466446 3660
1745963072958 0.024561403319239616 3680
1745963074836 0.03550295904278755 3700
1745963076795 0.06719367951154709 3720
1745963081235 0.02652519941329956 3740
1745963085713 0.05120481923222542 3760
1745963090149 0.09012875705957413 3780
1745963094512 0.009999999776482582 3800
1745963098627 0.026595745235681534 3820
1745963102559 0.017283950001001358 3840
1745963106867 0.04330708831548691 3860
1745963111128 0.00657894741743803 3880
1745963114784 0.008333333767950535 3900
1745963116978 0.041198503226041794 3920
1745963118697 0.04054053872823715 3940
1745963120521 0.02517162449657917 3960
1745963122644 0.003759398590773344 3980
1745963124895 0.1076388880610466 4000
1745963127326 0.026143791154026985 4020
1745963129853 0.0139860138297081 4040
1745963132439 0.04895104840397835 4060
1745963134340 0.050156738609075546 4080
1745963136144 0.034574467688798904 4100
1745963138414 0.0432276651263237 4120
1745963140864 0.05429864302277565 4140
1745963142918 0.04716981202363968 4160
1745963145445 0.019607843831181526 4180
1745963147613 0.0234375 4200
1745963149673 0.021739130839705467 4220
1745963151583 0.054187193512916565 4240
1745963153671 0.013667426072061062 4260
1745963155920 0.05140186846256256 4280
1745963158393 0.0357142873108387 4300
1745963160505 0.053892213851213455 4320
1745963162653 0.012594458647072315 4340
1745963164982 0.03272727131843567 4360
1745963167495 0.018648019060492516 4380
1745963170131 0.0031746032182127237 4400
1745963172590 0.01904761977493763 4420
1745963175005 0.012944984249770641 4440
1745963177241 0.01607717014849186 4460
1745963178952 0.03759398311376572 4480
1745963181283 0.015384615398943424 4500
1745963183179 0.02641509473323822 4520
1745963185142 0.025380710139870644 4540
1745963187928 0.04065040498971939 4560
1745963190000 0.03988603875041008 4580
1745963192066 0.05095541477203369 4600
1745963194010 0.016949152573943138 4620
1745963196216 0.02985074557363987 4640
1745963198687 0.05284553021192551 4660
1745963201863 0.044534411281347275 4680
1745963203716 0.05511811003088951 4700
1745963205496 0.056886225938797 4720
1745963207745 0.040145985782146454 4740
1745963209922 0.010810811072587967 4760
1745963212456 0.029177719727158546 4780
1745963214676 0.03305784985423088 4800
1745963217043 0.011848341673612595 4820
1745963219342 0.023474179208278656 4840
1745963221127 0.04858299717307091 4860
1745963223338 0.052401747554540634 4880
1745963225194 0.06340057402849197 4900
1745963227380 0.026706231757998466 4920
1745963229731 0.027027027681469917 4940
1745963232074 0.004975124262273312 4960
1745963233899 0.03703703731298447 4980
1745963235915 0.015576324425637722 5000
1745963238277 0.004166666883975267 5020
1745963240286 0.002352941082790494 5040
1745963242766 0.024096384644508362 5060
1745963244842 0.017241379246115685 5080
1745963246937 0.009925558231770992 5100
1745963251528 0.07662834972143173 5120
1745963255690 0.062043797224760056 5140
1745963260305 0.039603959769010544 5160
1745963264828 0.008928571827709675 5180
1745963268886 0.020408162847161293 5200
1745963272743 0.012406948022544384 5220
1745963276838 0.049668874591588974 5240
1745963434987 0.023498695343732834 5260
1745963437323 0.051851850003004074 5280
1745963439586 0.022624434903264046 5300
1745963441881 0.004830917809158564 5320
1745963444460 0.023391813039779663 5340
1745963446847 0.030674846842885017 5360
1745963449699 0.06201550364494324 5380
1745963451682 0.021276595070958138 5400
1745963453558 0.02672605775296688 5420
1745963456249 0.029126213863492012 5440
1745963458695 0.021686747670173645 5460
1745963461400 0.020270269364118576 5480
1745963464280 0.03465346619486809 5500
1745963467603 0.015267175622284412 5520
1745963469709 0.04938271641731262 5540
1745963471996 0.007547169923782349 5560
1745963474733 0.021978022530674934 5580
1745963477747 0.06716418266296387 5600
1745963480413 0.019662922248244286 5620
1745963482970 0.008849557489156723 5640
1745963484947 0.02261306531727314 5660
1745963486913 0.006042296066880226 5680
1745963488909 0.018041236326098442 5700
1745963491254 0.0150602413341403 5720
1745963493412 0.06451612710952759 5740
1745963495919 0.06306306272745132 5760
1745963498560 0.05797101557254791 5780
1745963500190 0.028901733458042145 5800
1745963502586 0.023017901927232742 5820
1745963504931 0.01984127052128315 5840
1745963507212 0.006849315017461777 5860
1745963510004 0.006451612804085016 5880
1745963512896 0.03875968977808952 5900
1745963515162 0.05147058889269829 5920
1745963517449 0.03687635436654091 5940
1745963520262 0.03184713423252106 5960
1745963522343 0.010020039975643158 5980
1745963524572 0.004739336669445038 6000
1745963527442 0.021739130839705467 6020
1745963529028 0.033734939992427826 6040
1745963531241 0.012232416309416294 6060
1745963533589 0.01337792631238699 6080
1745963535470 0.02028985507786274 6100
1745963537778 0.006329114083200693 6120
1745963539924 0.057894736528396606 6140
1745963542293 0.024064170196652412 6160
1745963544334 0.013513513840734959 6180
1745963546247 0.005235602147877216 6200
1745963548260 0.015625 6220
1745963550499 0.06318681687116623 6240
1745963552731 0.04816513881087303 6260
1745963555034 0.01860465109348297 6280
1745963557295 0.027334852144122124 6300
1745963559389 0.017985612154006958 6320
1745963561267 0.04577464610338211 6340
1745963563885 0.019780220463871956 6360
1745963566022 0.020467836409807205 6380
1745963568338 0.005586592014878988 6400
1745963570854 0.01075268816202879 6420
1745963572903 0.0385756678879261 6440
1745963574608 0.08737864345312119 6460
1745963577509 0.0 6480
1745963579476 0.012698412872850895 6500
1745963581608 0.00963855441659689 6520
1745963583933 0.03947368264198303 6540
1745963586023 0.00455580884590745 6560
1745963588209 0.034632034599781036 6580
1745963590658 0.03740648552775383 6600
1745963592740 0.045045044273138046 6620
1745963594502 0.08614232391119003 6640
1745963596796 0.033707864582538605 6660
1745963599076 0.02449888549745083 6680
1745963600954 0.02346041053533554 6700
1745963603018 0.018567638471722603 6720
1745963604840 0.018450183793902397 6740
1745963607321 0.01587301678955555 6760
1745963609750 0.027149321511387825 6780
1745963612377 0.03144654259085655 6800
1745963614336 0.005934718064963818 6820
1745963616781 0.02266288921236992 6840
1745963619167 0.0883977934718132 6860
1745963621427 0.024793388321995735 6880
1745963623978 0.04901960864663124 6900
1745963625911 0.029126213863492012 6920
1745963627785 0.02905569039285183 6940
1745963629860 0.011152416467666626 6960
1745963631972 0.016326529905200005 6980
1745963633692 0.061764705926179886 7000
1745963636512 0.02539682574570179 7020
1745963639396 0.05515587702393532 7040
1745963644790 0.0517241396009922 7060
1745963647220 0.024390242993831635 7080
1745963649214 0.01315789483487606 7100
1745963651524 0.026706231757998466 7120
1745963653397 0.0260869562625885 7140
1745963655602 0.011070110835134983 7160
1745963657929 0.0317460335791111 7180
1745963659861 0.038869258016347885 7200
1745963662028 0.03484320640563965 7220
1745963664076 0.03999999910593033 7240
1745963666075 0.029069768264889717 7260
1745963668181 0.03731343150138855 7280
1745963670164 0.016835017129778862 7300
1745963672473 0.010526316240429878 7320
1745963674516 0.03773584961891174 7340
1745963676424 0.00977995153516531 7360
1745963678563 0.0071599045768380165 7380
1745963680619 0.03010033443570137 7400
1745963682892 0.009411764331161976 7420
1745963685308 0.05283018946647644 7440
1745963687072 0.021739130839705467 7460
1745963691822 0.037128712981939316 7480
1745963693688 0.051948051899671555 7500
1745963695618 0.027131782844662666 7520
1745963697727 0.017892643809318542 7540
1745963699823 0.03169013932347298 7560
1745963701789 0.013605441898107529 7580
1745963703414 0.07692307978868484 7600
1745963705303 0.0258620698004961 7620
1745963707884 0.032407406717538834 7640
1745963710016 0.02631578966975212 7660
1745963712088 0.017006803303956985 7680
1745963714209 0.03311258181929588 7700
1745963716349 0.013605441898107529 7720
1745963718171 0.04266666620969772 7740
