1745963993479 0.6844693422317505 20
1745964009358 0.68572998046875 40
1745964033452 0.6914551854133606 60
1745964049303 0.6917549967765808 80
1745964069054 0.6868882179260254 100
1745964088109 0.6870138645172119 120
1745964103978 0.6853659152984619 140
1745964122788 0.6903893947601318 160
1745964140148 0.6915964484214783 180
1745964159843 0.6819607019424438 200
1745964175754 0.6867097616195679 220
1745964196021 0.6852985620498657 240
1745964212012 0.6823205947875977 260
1745964232308 0.6837650537490845 280
1745964248212 0.6895397901535034 300
1745964267603 0.6873998045921326 320
1745964287832 0.6839374303817749 340
1745964303762 0.6816158890724182 360
1745964328268 0.6927874088287354 380
1745964344164 0.6864692568778992 400
1745964364319 0.6847760677337646 420
1745964384064 0.6862743496894836 440
1745964401673 0.6872604489326477 460
1745964417533 0.690272331237793 480
1745964433402 0.6882855296134949 500
1745964449277 0.6893328428268433 520
1745964465155 0.6871199607849121 540
1745964481042 0.690977156162262 560
1745964496929 0.6812175512313843 580
1745964512817 0.6789594888687134 600
1745964528717 0.6793633699417114 620
1745964544617 0.6875928044319153 640
1745964560523 0.682650625705719 660
1745964576427 0.6842678785324097 680
1745964592336 0.6868337392807007 700
1745964608246 0.6864345669746399 720
1745964624201 0.6897368431091309 740
1745964640169 0.6820942163467407 760
1745964656110 0.6766793727874756 780
1745964672037 0.6928483247756958 800
1745964687976 0.6854060292243958 820
1745964703919 0.6826556324958801 840
1745964719862 0.6906588077545166 860
1745964735847 0.6854833364486694 880
1745964751848 0.6853162050247192 900
1745964767836 0.6845335960388184 920
1745964783830 0.6861141920089722 940
1745964799844 0.6828545331954956 960
1745964815837 0.6806538105010986 980
1745964831827 0.6851085424423218 1000
1745964847831 0.694129467010498 1020
1745964863831 0.6815991401672363 1040
1745964879826 0.6797897815704346 1060
1745964895824 0.6885132789611816 1080
1745964911824 0.6891069412231445 1100
1745964927829 0.6813212633132935 1120
1745964943833 0.6858131885528564 1140
1745964959846 0.683364987373352 1160
1745964975863 0.6898210048675537 1180
1745964991874 0.6857529878616333 1200
1745965007881 0.6832715272903442 1220
1745965023895 0.679872989654541 1240
1745965039904 0.6826438307762146 1260
1745965055932 0.6864897012710571 1280
1745965071955 0.6845629215240479 1300
1745965087968 0.679736852645874 1320
1745965103988 0.6804475784301758 1340
1745965120002 0.681431233882904 1360
1745965136029 0.6857285499572754 1380
1745965152046 0.686383843421936 1400
1745965168055 0.6727703213691711 1420
1745965184072 0.6823844909667969 1440
1745965200091 0.6863981485366821 1460
1745965216112 0.6804555058479309 1480
1745965232121 0.6823416948318481 1500
1745965248160 0.6863449811935425 1520
1745965264208 0.6848591566085815 1540
1745965280274 0.680572509765625 1560
1745965296310 0.688166081905365 1580
1745965312350 0.6817663311958313 1600
1745965328387 0.6868993639945984 1620
1745965344426 0.6943113207817078 1640
1745965360476 0.6828219890594482 1660
1745965376504 0.6866590976715088 1680
1745965392528 0.6939531564712524 1700
1745965408560 0.6893168687820435 1720
1745965424600 0.6885602474212646 1740
1745965440633 0.6866675615310669 1760
1745965456666 0.6795006990432739 1780
1745965472701 0.680874228477478 1800
1745965488732 0.6804623007774353 1820
1745965504765 0.6857954263687134 1840
1745965520803 0.6871881484985352 1860
1745965536840 0.6817222833633423 1880
1745965552886 0.6878458261489868 1900
1745965568925 0.6826770305633545 1920
1745965584968 0.6927793622016907 1940
1745965601001 0.6893893480300903 1960
1745965617030 0.6819502115249634 1980
1745965633058 0.6834781169891357 2000
1745965649084 0.6887297630310059 2020
1745965665103 0.6847595572471619 2040
1745965681136 0.6832492351531982 2060
1745965697170 0.6843929290771484 2080
1745965713209 0.6780992746353149 2100
1745965729243 0.6822300553321838 2120
1745965745280 0.6789875030517578 2140
1745965761325 0.6834694147109985 2160
1745965777366 0.6794248223304749 2180
1745965793400 0.6833772659301758 2200
1745965809445 0.6852338314056396 2220
1745965825497 0.6856281757354736 2240
1745965841542 0.6798379421234131 2260
1745965857585 0.6842960119247437 2280
1745965873625 0.6864078640937805 2300
1745965889664 0.6840174794197083 2320
1745965905692 0.6861858367919922 2340
1745965921726 0.6849088668823242 2360
1745965937766 0.685147762298584 2380
1745965953800 0.6819073557853699 2400
1745965969838 0.6869143843650818 2420
1745965985876 0.6865535974502563 2440
1745966001910 0.689626932144165 2460
1745966017951 0.6792690753936768 2480
1745966033985 0.6846432685852051 2500
1745966050023 0.6760520339012146 2520
1745966066057 0.6875795125961304 2540
1745966082089 0.6806870698928833 2560
1745966098141 0.6841292977333069 2580
1745966114192 0.683213472366333 2600
1745966130232 0.6836031675338745 2620
