1745963993489 0.6922736167907715 20
1745964011110 0.6920195817947388 40
1745964033460 0.6892831325531006 60
1745964049310 0.6845600605010986 80
1745964070502 0.6888248920440674 100
1745964088118 0.6786799430847168 120
1745964106142 0.6797202825546265 140
1745964122795 0.6831775307655334 160
1745964140878 0.6820192337036133 180
1745964159850 0.6839237213134766 200
1745964177918 0.6904650926589966 220
1745964196029 0.677380383014679 240
1745964214174 0.6744356155395508 260
1745964232316 0.6842778921127319 280
1745964249558 0.6840201616287231 300
1745964267612 0.6921756267547607 320
1745964287840 0.6703426837921143 340
1745964305926 0.6810340285301208 360
1745964328276 0.6725730895996094 380
1745964346326 0.6987860202789307 400
1745964364328 0.6678797006607056 420
1745964384384 0.6833256483078003 440
1745964401681 0.6786810159683228 460
1745964417541 0.6824620962142944 480
1745964433411 0.6805188655853271 500
1745964449285 0.6674006581306458 520
1745964465164 0.6865893006324768 540
1745964481050 0.6837725639343262 560
1745964496938 0.6786080598831177 580
1745964512824 0.6880654096603394 600
1745964528729 0.6759657263755798 620
1745964544625 0.6970242261886597 640
1745964560531 0.6915640234947205 660
1745964576435 0.6917302012443542 680
1745964592343 0.692229151725769 700
1745964608255 0.6832518577575684 720
1745964624209 0.6775031089782715 740
1745964640177 0.674498438835144 760
1745964656119 0.6784894466400146 780
1745964672044 0.6962589621543884 800
1745964687984 0.6784725189208984 820
1745964703927 0.6587388515472412 840
1745964719869 0.6793212294578552 860
1745964735855 0.6904815435409546 880
1745964751856 0.6817364692687988 900
1745964767843 0.6668403148651123 920
1745964783839 0.6873092651367188 940
1745964799852 0.6890265941619873 960
1745964815845 0.6694715023040771 980
1745964831836 0.70865398645401 1000
1745964847839 0.6720967292785645 1020
1745964863839 0.6830397844314575 1040
1745964879833 0.6890460252761841 1060
1745964895832 0.6838425397872925 1080
1745964911832 0.6737425327301025 1100
1745964927836 0.6886205077171326 1120
1745964943842 0.6894657611846924 1140
1745964959856 0.6984449625015259 1160
1745964975871 0.688694953918457 1180
1745964991882 0.6846005320549011 1200
1745965007888 0.6830486059188843 1220
1745965023904 0.6819385290145874 1240
1745965039913 0.6821794509887695 1260
1745965055941 0.6823465824127197 1280
1745965071964 0.6840038299560547 1300
1745965087978 0.6830304861068726 1320
1745965103997 0.6900047659873962 1340
1745965120012 0.6884354948997498 1360
1745965136037 0.6839174032211304 1380
1745965152053 0.6690871715545654 1400
1745965168063 0.6561168432235718 1420
1745965184078 0.6729328632354736 1440
1745965200100 0.6848913431167603 1460
1745965216120 0.662509560585022 1480
1745965232129 0.690064549446106 1500
1745965248168 0.6789534091949463 1520
1745965264216 0.6919800043106079 1540
1745965280283 0.6750223636627197 1560
1745965296318 0.6850724220275879 1580
1745965312358 0.67647385597229 1600
1745965328395 0.6803780794143677 1620
1745965344435 0.6860289573669434 1640
1745965360485 0.6922334432601929 1660
1745965376512 0.7032614350318909 1680
1745965392536 0.6933345794677734 1700
1745965408568 0.6926543116569519 1720
1745965424608 0.6842413544654846 1740
1745965440642 0.6759666204452515 1760
1745965456674 0.6801279783248901 1780
1745965472709 0.6839580535888672 1800
1745965488738 0.6783581972122192 1820
1745965504772 0.6836700439453125 1840
1745965520810 0.6777178645133972 1860
1745965536848 0.6833629608154297 1880
1745965552895 0.6907991170883179 1900
1745965568934 0.6886991262435913 1920
1745965584976 0.6927759647369385 1940
1745965601009 0.6881904006004333 1960
1745965617038 0.6709235906600952 1980
1745965633066 0.6914323568344116 2000
1745965649092 0.6763939261436462 2020
1745965665112 0.6847151517868042 2040
1745965681144 0.6764890551567078 2060
1745965697179 0.6819966435432434 2080
1745965713218 0.6714375615119934 2100
1745965729252 0.6708943247795105 2120
1745965745288 0.676132082939148 2140
1745965761332 0.6882091760635376 2160
1745965777374 0.693894624710083 2180
1745965793408 0.694125771522522 2200
1745965809453 0.6841515898704529 2220
1745965825504 0.6903504729270935 2240
1745965841551 0.6833697557449341 2260
1745965857593 0.6847929954528809 2280
1745965873634 0.6827349066734314 2300
1745965889671 0.6875157356262207 2320
1745965905701 0.6845881342887878 2340
1745965921734 0.6890151500701904 2360
1745965937773 0.6911866068840027 2380
1745965953807 0.6846376657485962 2400
1745965969847 0.6883131265640259 2420
1745965985884 0.6855688095092773 2440
1745966001918 0.6824387907981873 2460
1745966017958 0.6816962361335754 2480
1745966033992 0.675359845161438 2500
1745966050032 0.6797765493392944 2520
1745966066064 0.6934123039245605 2540
1745966082097 0.6888078451156616 2560
1745966098149 0.698580265045166 2580
1745966114200 0.6836550235748291 2600
1745966130240 0.6856288909912109 2620
