1745963993486 0.8507747650146484 20
1745964010797 0.8267580270767212 40
1745964033458 0.4282847046852112 60
1745964049308 0.4000619649887085 80
1745964069776 0.642675518989563 100
1745964088115 0.7812597751617432 120
1745964105422 0.9936361312866211 140
1745964122793 0.5926486253738403 160
1745964140154 0.5924232006072998 180
1745964159848 0.8656966686248779 200
1745964177198 0.6636613607406616 220
1745964196027 0.7976772785186768 240
1745964213454 0.8636853098869324 260
1745964232314 0.785706639289856 280
1745964248838 0.5026532411575317 300
1745964267610 0.6825751662254333 320
1745964287838 0.7770913243293762 340
1745964305206 0.9255561232566833 360
1745964328274 0.4142836332321167 380
1745964345606 0.6894189119338989 400
1745964364325 0.8237981796264648 420
1745964384382 0.8084241151809692 440
1745964401678 0.7748875021934509 460
1745964417539 0.5724133849143982 480
1745964433408 0.5638999938964844 500
1745964449283 0.5047998428344727 520
1745964465162 0.6627607345581055 540
1745964481047 0.6074775457382202 560
1745964496936 0.9430556893348694 580
1745964512822 1.0510163307189941 600
1745964528726 1.0856611728668213 620
1745964544622 0.6316372752189636 640
1745964560529 0.8462058305740356 660
1745964576433 0.7632205486297607 680
1745964592341 0.7929556369781494 700
1745964608252 0.7423698902130127 720
1745964624207 0.6307483911514282 740
1745964640175 0.8091395497322083 760
1745964656116 1.1756764650344849 780
1745964672042 0.3218269348144531 800
1745964687982 0.7164973020553589 820
1745964703924 1.0047944784164429 840
1745964719867 0.46236976981163025 860
1745964735853 0.8286821246147156 880
1745964751854 0.7307240962982178 900
1745964767841 0.6705456972122192 920
1745964783836 0.6235862970352173 940
1745964799850 0.8476532101631165 960
1745964815843 0.969428539276123 980
1745964831833 0.798024594783783 1000
1745964847837 0.3299461603164673 1020
1745964863837 0.9264527559280396 1040
1745964879831 0.919126033782959 1060
1745964895830 0.5665821433067322 1080
1745964911830 0.5091553926467896 1100
1745964927834 1.1237266063690186 1120
1745964943839 0.7356864809989929 1140
1745964959853 0.8292031288146973 1160
1745964975869 0.4483358561992645 1180
1745964991879 0.859819769859314 1200
1745965007886 0.853008508682251 1220
1745965023901 1.1209938526153564 1240
1745965039910 0.776086151599884 1260
1745965055938 0.8150181770324707 1280
1745965071961 0.7788580656051636 1300
1745965087975 0.9567130208015442 1320
1745965103994 0.9329607486724854 1340
1745965120009 0.9701674580574036 1360
1745965136035 0.6371217370033264 1380
1745965152051 0.7325841188430786 1400
1745965168061 1.358854055404663 1420
1745965184076 0.9064565896987915 1440
1745965200097 0.7145750522613525 1460
1745965216117 0.9404060244560242 1480
1745965232127 0.8509052991867065 1500
1745965248166 0.7873520851135254 1520
1745965264214 0.8983611464500427 1540
1745965280280 0.9055671095848083 1560
1745965296316 0.5372289419174194 1580
1745965312356 0.824272632598877 1600
1745965328393 0.6814373731613159 1620
1745965344432 0.4665798544883728 1640
1745965360482 0.8101958632469177 1660
1745965376510 0.7856237292289734 1680
1745965392533 0.3780502676963806 1700
1745965408566 0.6432913541793823 1720
1745965424605 0.6076033115386963 1740
1745965440639 0.6314098238945007 1760
1745965456672 0.9943705797195435 1780
1745965472706 0.9156180620193481 1800
1745965488736 0.9277414083480835 1820
1745965504770 0.7421114444732666 1840
1745965520808 0.6289907693862915 1860
1745965536846 0.8640307188034058 1880
1745965552892 0.5757690668106079 1900
1745965568931 0.7866299748420715 1920
1745965584974 0.39878442883491516 1940
1745965601006 0.47665461897850037 1960
1745965617036 0.796434223651886 1980
1745965633063 0.8374707698822021 2000
1745965649089 0.6355968117713928 2020
1745965665109 0.7857459187507629 2040
1745965681142 0.785106897354126 2060
1745965697176 0.788149356842041 2080
1745965713216 1.0938949584960938 2100
1745965729249 0.88363116979599 2120
1745965745286 1.1037275791168213 2140
1745965761330 0.8710899949073792 2160
1745965777372 1.1605944633483887 2180
1745965793406 0.8722865581512451 2200
1745965809450 0.7541210651397705 2220
1745965825502 0.7661417722702026 2240
1745965841548 0.9248087406158447 2260
1745965857591 0.7718192338943481 2280
1745965873631 0.8192503452301025 2300
1745965889669 1.1023945808410645 2320
1745965905698 0.775530993938446 2340
1745965921732 0.7807850241661072 2360
1745965937771 0.7020734548568726 2380
1745965953804 0.8729695677757263 2400
1745965969844 0.7251487970352173 2420
1745965985881 0.6567054986953735 2440
1745966001915 0.5383436679840088 2460
1745966017956 0.9645554423332214 2480
1745966033990 0.7033989429473877 2500
1745966050030 1.110028862953186 2520
1745966066062 0.7078391909599304 2540
1745966082095 0.9426886439323425 2560
1745966098147 0.7507609724998474 2580
1745966114198 0.7735210061073303 2600
1745966130238 0.8164641261100769 2620
