1745963993483 0.6953588724136353 20
1745964010078 0.7090171575546265 40
1745964033455 0.7305085062980652 60
1745964049306 0.6999110579490662 80
1745964069774 0.6954308152198792 100
1745964088113 0.7037938833236694 120
1745964104702 0.7677293419837952 140
1745964122791 0.6644695401191711 160
1745964140151 0.6889496445655823 180
1745964159846 0.7058990597724915 200
1745964176478 0.6996222734451294 220
1745964196024 0.7017311453819275 240
1745964212734 0.750083863735199 260
1745964232311 0.7282716035842896 280
1745964248526 0.7096361517906189 300
1745964267607 0.7248349189758301 320
1745964287836 0.7057106494903564 340
1745964304486 0.7254600524902344 360
1745964328271 0.7206221222877502 380
1745964344885 0.6826366186141968 400
1745964364323 0.7199109196662903 420
1745964384067 0.723484218120575 440
1745964401676 0.7283192276954651 460
1745964417536 0.7060679793357849 480
1745964433405 0.7096589803695679 500
1745964449280 0.7071069478988647 520
1745964465159 0.7290990948677063 540
1745964481045 0.6846254467964172 560
1745964496933 0.7134536504745483 580
1745964512820 0.6955164670944214 600
1745964528723 0.7343677282333374 620
1745964544620 0.7110048532485962 640
1745964560526 0.7096613645553589 660
1745964576430 0.6843008995056152 680
1745964592339 0.6582939028739929 700
1745964608250 0.6998313069343567 720
1745964624205 0.702382504940033 740
1745964640172 0.7258428931236267 760
1745964656114 0.7364246845245361 780
1745964672040 0.6921684741973877 800
1745964687979 0.712179958820343 820
1745964703922 0.7228972315788269 840
1745964719865 0.7223927974700928 860
1745964735850 0.6858418583869934 880
1745964751852 0.7183075547218323 900
1745964767839 0.6966469883918762 920
1745964783834 0.710804283618927 940
1745964799847 0.6975924968719482 960
1745964815840 0.734527587890625 980
1745964831831 0.7049233317375183 1000
1745964847834 0.6902072429656982 1020
1745964863835 0.7305061221122742 1040
1745964879828 0.7049046158790588 1060
1745964895828 0.6819303035736084 1080
1745964911828 0.6973013877868652 1100
1745964927832 0.6845771670341492 1120
1745964943836 0.7221493124961853 1140
1745964959849 0.6912378668785095 1160
1745964975866 0.701137363910675 1180
1745964991877 0.6599672436714172 1200
1745965007883 0.7512773871421814 1220
1745965023898 0.7615690231323242 1240
1745965039908 0.7019668221473694 1260
1745965055936 0.695267379283905 1280
1745965071958 0.7099719643592834 1300
1745965087972 0.7328706383705139 1320
1745965103992 0.7081406712532043 1340
1745965120006 0.7462705969810486 1360
1745965136032 0.6999924778938293 1380
1745965152049 0.7051543593406677 1400
1745965168058 0.7385907173156738 1420
1745965184074 0.7352010607719421 1440
1745965200095 0.739782452583313 1460
1745965216115 0.7192859053611755 1480
1745965232124 0.7014856338500977 1500
1745965248163 0.7159804105758667 1520
1745965264211 0.7202401757240295 1540
1745965280278 0.711877703666687 1560
1745965296313 0.714174211025238 1580
1745965312354 0.7199611663818359 1600
1745965328391 0.7342409491539001 1620
1745965344430 0.6732217669487 1640
1745965360479 0.694570004940033 1660
1745965376507 0.7518879771232605 1680
1745965392531 0.7084294557571411 1700
1745965408564 0.6776701807975769 1720
1745965424603 0.7608358263969421 1740
1745965440637 0.6960556507110596 1760
1745965456670 0.7408113479614258 1780
1745965472704 0.7173457741737366 1800
1745965488734 0.7389975786209106 1820
1745965504767 0.6860814094543457 1840
1745965520806 0.6791549324989319 1860
1745965536843 0.7130126953125 1880
1745965552890 0.6907985210418701 1900
1745965568929 0.7072185277938843 1920
1745965584971 0.6974521279335022 1940
1745965601004 0.7117197513580322 1960
1745965617033 0.7256585955619812 1980
1745965633061 0.7207404375076294 2000
1745965649087 0.6995466947555542 2020
1745965665107 0.6866235733032227 2040
1745965681139 0.711179792881012 2060
1745965697174 0.7091598510742188 2080
1745965713212 0.7088256478309631 2100
1745965729247 0.7093847393989563 2120
1745965745283 0.7437790632247925 2140
1745965761327 0.7537931203842163 2160
1745965777369 0.7664350867271423 2180
1745965793403 0.7710403203964233 2200
1745965809448 0.7283194065093994 2220
1745965825500 0.7034773230552673 2240
1745965841546 0.7112436890602112 2260
1745965857588 0.7255063652992249 2280
1745965873629 0.740241289138794 2300
1745965889667 0.7356658577919006 2320
1745965905696 0.7286731600761414 2340
1745965921729 0.7422378659248352 2360
1745965937769 0.690421462059021 2380
1745965953802 0.6929113864898682 2400
1745965969841 0.7476280331611633 2420
1745965985879 0.7402403950691223 2440
1745966001913 0.6826093196868896 2460
1745966017953 0.7137110829353333 2480
1745966033988 0.7310212850570679 2500
1745966050027 0.7324541807174683 2520
1745966066060 0.7612874507904053 2540
1745966082092 0.722517192363739 2560
1745966098145 0.7137846350669861 2580
1745966114195 0.7092618346214294 2600
1745966130236 0.7317673563957214 2620
