1745963993491 0.0705714151263237 20
1745964011829 0.06888384371995926 40
1745964033463 0.06916435807943344 60
1745964049313 0.06878449767827988 80
1745964071222 0.07149352878332138 100
1745964088120 0.07244054228067398 120
1745964106862 0.07263081520795822 140
1745964122797 0.0720730647444725 160
1745964140881 0.06875653564929962 180
1745964159853 0.06862039119005203 200
1745964178638 0.0687025710940361 220
1745964196032 0.06869594752788544 240
1745964214894 0.0703946128487587 260
1745964232319 0.06832879036664963 280
1745964250278 0.06906313449144363 300
1745964267614 0.07071856409311295 320
1745964287843 0.06884767860174179 340
1745964306646 0.0703098475933075 360
1745964328279 0.06853049993515015 380
1745964347046 0.06342696398496628 400
1745964364330 0.07085739821195602 420
1745964384387 0.0710282027721405 440
1745964401684 0.07090994715690613 460
1745964417543 0.07093251496553421 480
1745964433413 0.07125850766897202 500
1745964449288 0.07391957938671112 520
1745964465166 0.06906750798225403 540
1745964481052 0.06875844299793243 560
1745964496941 0.07028805464506149 580
1745964512827 0.06624459475278854 600
1745964528731 0.06919203698635101 620
1745964544627 0.07039091736078262 640
1745964560534 0.06611867994070053 660
1745964576437 0.0698021799325943 680
1745964592345 0.06447787582874298 700
1745964608257 0.06763913482427597 720
1745964624212 0.06690015643835068 740
1745964640180 0.07071180641651154 760
1745964656121 0.07080160826444626 780
1745964672047 0.06862913072109222 800
1745964687987 0.06728772819042206 820
1745964703929 0.07412541657686234 840
1745964719872 0.07148037850856781 860
1745964735857 0.07030989974737167 880
1745964751859 0.0734138935804367 900
1745964767845 0.07187037914991379 920
1745964783841 0.07084982842206955 940
1745964799854 0.06660275906324387 960
1745964815847 0.07020296901464462 980
1745964831838 0.07279013842344284 1000
1745964847841 0.06871229410171509 1020
1745964863842 0.0698385164141655 1040
1745964879835 0.06840000301599503 1060
1745964895834 0.07081032544374466 1080
1745964911835 0.07769279181957245 1100
1745964927839 0.06694703549146652 1120
1745964943844 0.0654432624578476 1140
1745964959858 0.06601118296384811 1160
1745964975873 0.07510574907064438 1180
1745964991884 0.06933501362800598 1200
1745965007891 0.07026117295026779 1220
1745965023906 0.0707530826330185 1240
1745965039915 0.07098683714866638 1260
1745965055943 0.0668221190571785 1280
1745965071966 0.0705985501408577 1300
1745965087980 0.06839998811483383 1320
1745965104000 0.0681024119257927 1340
1745965120014 0.07276307791471481 1360
1745965136040 0.07092026621103287 1380
1745965152056 0.07441747933626175 1400
1745965168066 0.06927903741598129 1420
1745965184080 0.06657291203737259 1440
1745965200102 0.07098092883825302 1460
1745965216122 0.06947091966867447 1480
1745965232132 0.07179122418165207 1500
1745965248171 0.06770492345094681 1520
1745965264219 0.06934075802564621 1540
1745965280285 0.06732127070426941 1560
1745965296321 0.06945905089378357 1580
1745965312361 0.06793554127216339 1600
1745965328397 0.06577872484922409 1620
1745965344437 0.06807180494070053 1640
1745965360487 0.06831702589988708 1660
1745965376514 0.06592915207147598 1680
1745965392538 0.06389120221138 1700
1745965408570 0.06479983776807785 1720
1745965424610 0.07087527960538864 1740
1745965440644 0.06675063818693161 1760
1745965456677 0.07148482650518417 1780
1745965472711 0.06942719221115112 1800
1745965488740 0.07007487118244171 1820
1745965504775 0.07038097828626633 1840
1745965520813 0.06698587536811829 1860
1745965536850 0.06822891533374786 1880
1745965552897 0.06934305280447006 1900
1745965568937 0.06927787512540817 1920
1745965584979 0.07127708196640015 1940
1745965601011 0.06894800812005997 1960
1745965617040 0.06421389430761337 1980
1745965633068 0.06707841902971268 2000
1745965649094 0.0754513368010521 2020
1745965665114 0.06812573224306107 2040
1745965681147 0.06886190921068192 2060
1745965697181 0.07418892532587051 2080
1745965713220 0.0702061876654625 2100
1745965729254 0.0654418095946312 2120
1745965745291 0.06657310575246811 2140
1745965761334 0.07189639657735825 2160
1745965777376 0.06993310153484344 2180
1745965793411 0.06693863868713379 2200
1745965809456 0.07009738683700562 2220
1745965825507 0.06821756809949875 2240
1745965841553 0.07009129971265793 2260
1745965857596 0.06507550925016403 2280
1745965873636 0.07084165513515472 2300
1745965889674 0.06194883584976196 2320
1745965905703 0.06505479663610458 2340
1745965921737 0.06748905032873154 2360
1745965937776 0.06510169059038162 2380
1745965953809 0.06593397259712219 2400
1745965969849 0.07293125987052917 2420
1745965985886 0.0708443894982338 2440
1745966001920 0.06364578753709793 2460
1745966017960 0.07331321388483047 2480
1745966033995 0.06971540302038193 2500
1745966050035 0.07008952647447586 2520
1745966066066 0.06864070147275925 2540
1745966082099 0.06599463522434235 2560
1745966098152 0.0681503638625145 2580
1745966114203 0.07291623950004578 2600
1745966130243 0.06962978094816208 2620
