1745963993494 0.6908919811248779 20
1745964012550 0.5712580680847168 40
1745964033465 0.5812757611274719 60
1745964049315 0.894451379776001 80
1745964071942 0.5469813942909241 100
1745964088122 0.47356724739074707 120
1745964106864 0.4276130795478821 140
1745964123518 0.5996415615081787 160
1745964140884 0.5001804232597351 180
1745964159855 0.38735342025756836 200
1745964179358 0.4335232079029083 220
1745964196034 0.49369296431541443 240
1745964215614 0.42492592334747314 260
1745964232321 0.3515964448451996 280
1745964250998 0.4143630862236023 300
1745964267617 0.48812517523765564 320
1745964287845 0.4369191527366638 340
1745964307366 0.3720153868198395 360
1745964328281 0.6956747174263 380
1745964347766 0.3624093532562256 400
1745964364332 0.36201390624046326 420
1745964385110 0.37100091576576233 440
1745964401686 0.4177165627479553 460
1745964417545 0.5846304893493652 480
1745964433416 0.3877180516719818 500
1745964449290 0.3753204643726349 520
1745964465169 0.3281896412372589 540
1745964481055 0.3691638708114624 560
1745964496943 0.2988213002681732 580
1745964512830 0.33037641644477844 600
1745964528734 0.2742367088794708 620
1745964544630 0.3794775903224945 640
1745964560536 0.3601381480693817 660
1745964576440 0.25530117750167847 680
1745964592348 0.34931549429893494 700
1745964608259 0.3802579939365387 720
1745964624214 0.3484657108783722 740
1745964640183 0.3053293526172638 760
1745964656123 0.3181929290294647 780
1745964672049 0.6403717398643494 800
1745964687989 0.32480791211128235 820
1745964703931 0.3942122161388397 840
1745964719874 0.37954455614089966 860
1745964735860 0.2829669713973999 880
1745964751861 0.3508942127227783 900
1745964767846 0.26460519433021545 920
1745964783843 0.3003102242946625 940
1745964799857 0.24381113052368164 960
1745964815850 0.29112687706947327 980
1745964831840 0.41335058212280273 1000
1745964847844 0.5297117233276367 1020
1745964863844 0.2774118185043335 1040
1745964879837 0.32586193084716797 1060
1745964895837 0.32754817605018616 1080
1745964911837 0.4641132056713104 1100
1745964927841 0.2717309594154358 1120
1745964943847 0.4704637825489044 1140
1745964959861 0.45785027742385864 1160
1745964975875 0.2895669639110565 1180
1745964991886 0.3031938672065735 1200
1745965007893 0.31481632590293884 1220
1745965023909 0.27001887559890747 1240
1745965039917 0.2922186553478241 1260
1745965055945 0.36584433913230896 1280
1745965071968 0.4045909345149994 1300
1745965087982 0.361247718334198 1320
1745965104002 0.19832734763622284 1340
1745965120016 0.26194536685943604 1360
1745965136043 0.3232887387275696 1380
1745965152058 0.2848471403121948 1400
1745965168068 0.2546866238117218 1420
1745965184083 0.31507399678230286 1440
1745965200105 0.27748537063598633 1460
1745965216124 0.26894697546958923 1480
1745965232134 0.2840392291545868 1500
1745965248173 0.2840031683444977 1520
1745965264221 0.379055380821228 1540
1745965280288 0.3147714138031006 1560
1745965296323 0.31974801421165466 1580
1745965312363 0.2761453688144684 1600
1745965328400 0.3303358256816864 1620
1745965344440 0.35309696197509766 1640
1745965360490 0.3028971254825592 1660
1745965376516 0.33561238646507263 1680
1745965392541 0.2998138666152954 1700
1745965408573 0.28941604495048523 1720
1745965424613 0.30982711911201477 1740
1745965440646 0.2914530634880066 1760
1745965456679 0.24733492732048035 1780
1745965472713 0.22387702763080597 1800
1745965488742 0.22944408655166626 1820
1745965504777 0.22929544746875763 1840
1745965520816 0.35278812050819397 1860
1745965536853 0.2738160192966461 1880
1745965552899 0.3511912226676941 1900
1745965568939 0.4225096106529236 1920
1745965584981 0.3239619731903076 1940
1745965601014 0.2906598746776581 1960
1745965617043 0.34629642963409424 1980
1745965633070 0.35531455278396606 2000
1745965649097 0.242498978972435 2020
1745965665117 0.26107507944107056 2040
1745965681149 0.2528524398803711 2060
1745965697184 0.25053149461746216 2080
1745965713223 0.2705041766166687 2100
1745965729257 0.263994038105011 2120
1745965745293 0.2533302307128906 2140
1745965761337 0.3439926505088806 2160
1745965777379 0.2825034260749817 2180
1745965793413 0.23508694767951965 2200
1745965809458 0.25781694054603577 2220
1745965825510 0.2956029176712036 2240
1745965841556 0.25886133313179016 2260
1745965857598 0.32624387741088867 2280
1745965873638 0.29165223240852356 2300
1745965889676 0.2929948568344116 2320
1745965905706 0.23203423619270325 2340
1745965921739 0.2382713407278061 2360
1745965937778 0.2734450101852417 2380
1745965953811 0.20491014420986176 2400
1745965969851 0.24502870440483093 2420
1745965985889 0.2681286036968231 2440
1745966001922 0.37590739130973816 2460
1745966017962 0.19253593683242798 2480
1745966033997 0.2475932538509369 2500
1745966050037 0.2674647867679596 2520
1745966066067 0.32240939140319824 2540
1745966082102 0.2826226055622101 2560
1745966098154 0.34562939405441284 2580
1745966114205 0.2702823579311371 2600
1745966130245 0.2958083748817444 2620
