1745963993497 0.21491844952106476 20
1745964013270 0.19107799232006073 40
1745964033468 0.16893133521080017 60
1745964049318 0.14621208608150482 80
1745964072254 0.1550811380147934 100
1745964088125 0.15202587842941284 120
1745964106867 0.14079046249389648 140
1745964124238 0.1260683238506317 160
1745964140887 0.1374550610780716 180
1745964159857 0.13659438490867615 200
1745964180078 0.1427561640739441 220
1745964196037 0.1310572475194931 240
1745964216334 0.11728435754776001 260
1745964232324 0.1224023625254631 280
1745964251718 0.12821641564369202 300
1745964267619 0.12651455402374268 320
1745964287848 0.13574425876140594 340
1745964308086 0.1249479204416275 360
1745964328283 0.11854881048202515 380
1745964348486 0.11702536791563034 400
1745964364334 0.1273634284734726 420
1745964385830 0.12202451378107071 440
1745964401689 0.1445145159959793 460
1745964417548 0.11356496810913086 480
1745964433418 0.11339852958917618 500
1745964449293 0.12295673042535782 520
1745964465171 0.12298416346311569 540
1745964481058 0.11461613327264786 560
1745964496946 0.11681725829839706 580
1745964512833 0.12488005310297012 600
1745964528737 0.12608250975608826 620
1745964544632 0.12901370227336884 640
1745964560538 0.12120237201452255 660
1745964576442 0.12123674154281616 680
1745964592350 0.11411948502063751 700
1745964608262 0.11089962720870972 720
1745964624216 0.1150617003440857 740
1745964640185 0.12838606536388397 760
1745964656126 0.10885027796030045 780
1745964672051 0.1064169779419899 800
1745964687991 0.10593469440937042 820
1745964703934 0.10681022703647614 840
1745964719876 0.10559439659118652 860
1745964735862 0.10180683434009552 880
1745964751864 0.11089294403791428 900
1745964767848 0.11321418732404709 920
1745964783846 0.1187414675951004 940
1745964799859 0.09843110293149948 960
1745964815852 0.10915129631757736 980
1745964831842 0.11630556732416153 1000
1745964847846 0.0999373123049736 1020
1745964863847 0.10263204574584961 1040
1745964879839 0.10906229168176651 1060
1745964895839 0.09736435115337372 1080
1745964911839 0.10365626960992813 1100
1745964927844 0.1186453253030777 1120
1745964943849 0.11960532516241074 1140
1745964959864 0.1260003000497818 1160
1745964975878 0.09326808154582977 1180
1745964991889 0.09656601399183273 1200
1745965007896 0.12028638273477554 1220
1745965023911 0.11709561198949814 1240
1745965039920 0.10162124782800674 1260
1745965055947 0.10140170902013779 1280
1745965071971 0.10589196532964706 1300
1745965087985 0.10610158741474152 1320
1745965104004 0.09763381630182266 1340
1745965120019 0.09131107479333878 1360
1745965136045 0.09469255059957504 1380
1745965152061 0.10076089203357697 1400
1745965168070 0.1262117624282837 1420
1745965184085 0.1008552685379982 1440
1745965200107 0.09825517982244492 1460
1745965216126 0.11850478500127792 1480
1745965232137 0.09477876871824265 1500
1745965248176 0.12363624572753906 1520
1745965264224 0.1267222911119461 1540
1745965280291 0.10806427150964737 1560
1745965296325 0.09503590315580368 1580
1745965312366 0.10732733458280563 1600
1745965328402 0.0958080142736435 1620
1745965344442 0.08840319514274597 1640
1745965360492 0.10123469680547714 1660
1745965376519 0.1031109094619751 1680
1745965392543 0.10629887878894806 1700
1745965408575 0.0984511524438858 1720
1745965424615 0.09513217210769653 1740
1745965440649 0.09434228390455246 1760
1745965456682 0.09799430519342422 1780
1745965472716 0.10320347547531128 1800
1745965488744 0.09716475009918213 1820
1745965504779 0.0901191309094429 1840
1745965520818 0.1026444211602211 1860
1745965536855 0.1117652878165245 1880
1745965552902 0.09081755578517914 1900
1745965568942 0.09632460027933121 1920
1745965584984 0.0917145237326622 1940
1745965601016 0.09955599159002304 1960
1745965617045 0.11245609819889069 1980
1745965633073 0.09657064080238342 2000
1745965649099 0.10446887463331223 2020
1745965665120 0.10410411655902863 2040
1745965681152 0.10200541466474533 2060
1745965697186 0.09238966554403305 2080
1745965713225 0.10214237123727798 2100
1745965729259 0.10670415312051773 2120
1745965745295 0.0923963412642479 2140
1745965761339 0.09244599938392639 2160
1745965777381 0.10699987411499023 2180
1745965793416 0.10583112388849258 2200
1745965809460 0.09839484840631485 2220
1745965825512 0.08342622965574265 2240
1745965841558 0.1058015376329422 2260
1745965857600 0.0952441543340683 2280
1745965873641 0.09333749115467072 2300
1745965889678 0.10480406135320663 2320
1745965905708 0.09098485112190247 2340
1745965921741 0.08540820330381393 2360
1745965937780 0.09887160360813141 2380
1745965953813 0.09848301857709885 2400
1745965969854 0.09928440302610397 2420
1745965985891 0.09916044026613235 2440
1745966001925 0.0917331799864769 2460
1745966017964 0.10647659748792648 2480
1745966033999 0.09268837422132492 2500
1745966050040 0.10665791481733322 2520
1745966066069 0.09200859069824219 2540
1745966082104 0.09529048949480057 2560
1745966098157 0.09608855843544006 2580
1745966114208 0.10140619426965714 2600
1745966130247 0.09669466316699982 2620
