1745963993499 0.1686314046382904 20
1745964013990 0.14565177261829376 40
1745964033470 0.12367049604654312 60
1745964050038 0.09006036072969437 80
1745964072256 0.11098822951316833 100
1745964088127 0.1030263900756836 120
1745964106869 0.14423155784606934 140
1745964124240 0.08828815072774887 160
1745964141614 0.10914713889360428 180
1745964159860 0.12492196261882782 200
1745964180080 0.1337941288948059 220
1745964196039 0.0904698595404625 240
1745964216337 0.07947732508182526 260
1745964232326 0.1026374027132988 280
1745964251721 0.07654223591089249 300
1745964268342 0.09973391145467758 320
1745964287850 0.12199398875236511 340
1745964308806 0.09116015583276749 360
1745964328286 0.10579820722341537 380
1745964348488 0.09917677193880081 400
1745964364646 0.12338711321353912 420
1745964385832 0.09819962829351425 440
1745964401691 0.1532595306634903 460
1745964417550 0.07505432516336441 480
1745964433421 0.08585468679666519 500
1745964449296 0.0815695971250534 520
1745964465174 0.08465714752674103 540
1745964481060 0.0931856781244278 560
1745964496949 0.10369344055652618 580
1745964512836 0.09577664732933044 600
1745964528739 0.09668775647878647 620
1745964544634 0.11607648432254791 640
1745964560541 0.09281643480062485 660
1745964576444 0.09381009638309479 680
1745964592352 0.084427110850811 700
1745964608264 0.0808098092675209 720
1745964624219 0.08092019706964493 740
1745964640188 0.10311821848154068 760
1745964656128 0.07622449100017548 780
1745964672054 0.06445996463298798 800
1745964687994 0.07279990613460541 820
1745964703936 0.07410023361444473 840
1745964719879 0.062452591955661774 860
1745964735864 0.07508333027362823 880
1745964751866 0.0767357274889946 900
1745964767850 0.0903521478176117 920
1745964783848 0.10346605628728867 940
1745964799861 0.0714823380112648 960
1745964815854 0.08308229595422745 980
1745964831845 0.08038333058357239 1000
1745964847849 0.061734288930892944 1020
1745964863849 0.06821175664663315 1040
1745964879842 0.07421962916851044 1060
1745964895841 0.05998552218079567 1080
1745964911842 0.058734141290187836 1100
1745964927846 0.08927159756422043 1120
1745964943852 0.10384367406368256 1140
1745964959866 0.09870967268943787 1160
1745964975880 0.06619428843259811 1180
1745964991891 0.06700167059898376 1200
1745965007898 0.09128374606370926 1220
1745965023913 0.08827658742666245 1240
1745965039923 0.06480029970407486 1260
1745965055950 0.06727263331413269 1280
1745965071973 0.06412597745656967 1300
1745965087987 0.08228276669979095 1320
1745965104007 0.06391521543264389 1340
1745965120021 0.0743068978190422 1360
1745965136048 0.06516477465629578 1380
1745965152063 0.07858867198228836 1400
1745965168073 0.1100408285856247 1420
1745965184087 0.07535532861948013 1440
1745965200110 0.07055816799402237 1460
1745965216129 0.09772839397192001 1480
1745965232140 0.0674755871295929 1500
1745965248178 0.09583580493927002 1520
1745965264226 0.12533941864967346 1540
1745965280293 0.075690358877182 1560
1745965296327 0.07976293563842773 1580
1745965312368 0.06762006878852844 1600
1745965328404 0.06713256239891052 1620
1745965344444 0.056216828525066376 1640
1745965360494 0.07203182578086853 1660
1745965376521 0.08204368501901627 1680
1745965392546 0.11170931905508041 1700
1745965408578 0.057129524648189545 1720
1745965424617 0.05127008259296417 1740
1745965440652 0.0652877688407898 1760
1745965456684 0.0782618448138237 1780
1745965472718 0.09012943506240845 1800
1745965488746 0.07638216763734818 1820
1745965504782 0.058178216218948364 1840
1745965520821 0.07008476555347443 1860
1745965536858 0.09470223635435104 1880
1745965552904 0.06371691823005676 1900
1745965568944 0.07275260239839554 1920
1745965584986 0.06120256334543228 1940
1745965601019 0.0942632406949997 1960
1745965617048 0.0847918689250946 1980
1745965633075 0.06533204764127731 2000
1745965649101 0.0929747223854065 2020
1745965665122 0.07688659429550171 2040
1745965681154 0.06986770778894424 2060
1745965697188 0.06413484364748001 2080
1745965713228 0.07282254099845886 2100
1745965729262 0.08653891831636429 2120
1745965745298 0.07001876831054688 2140
1745965761342 0.07341011613607407 2160
1745965777383 0.08638889342546463 2180
1745965793418 0.08679148554801941 2200
1745965809463 0.06848109513521194 2220
1745965825515 0.057378992438316345 2240
1745965841561 0.08808063715696335 2260
1745965857603 0.06013212725520134 2280
1745965873643 0.06018810719251633 2300
1745965889681 0.07365879416465759 2320
1745965905710 0.07651218771934509 2340
1745965921744 0.0575152188539505 2360
1745965937783 0.0692991316318512 2380
1745965953815 0.07396518439054489 2400
1745965969856 0.0714661255478859 2420
1745965985894 0.0738329365849495 2440
1745966001927 0.06316953152418137 2460
1745966017966 0.07679223269224167 2480
1745966034001 0.07169576734304428 2500
1745966050043 0.07232784479856491 2520
1745966066071 0.06815223395824432 2540
1745966082107 0.06028151884675026 2560
1745966098159 0.06330285966396332 2580
1745966114210 0.06895337998867035 2600
1745966130250 0.06508798897266388 2620
