1745963993504 0.1718389242887497 20
1745964015430 0.14707697927951813 40
1745964033475 0.09741958975791931 60
1745964051070 0.050212811678647995 80
1745964072261 0.16558606922626495 100
1745964088132 0.14358441531658173 120
1745964106874 0.15837350487709045 140
1745964124245 0.08386366814374924 160
1745964142646 0.12506666779518127 180
1745964159865 0.18635311722755432 200
1745964180085 0.14708954095840454 220
1745964196044 0.12358096987009048 240
1745964216341 0.15355247259140015 260
1745964232331 0.11541713029146194 280
1745964251725 0.20702120661735535 300
1745964269782 0.08637939393520355 320
1745964287855 0.1324184387922287 340
1745964310246 0.13685694336891174 360
1745964328291 0.05964835360646248 380
1745964348493 0.15723839402198792 400
1745964366086 0.13467860221862793 420
1745964385837 0.16727186739444733 440
1745964401696 0.11775528639554977 460
1745964417555 0.09599583595991135 480
1745964433426 0.12915168702602386 500
1745964449301 0.08693494647741318 520
1745964465179 0.14376495778560638 540
1745964481065 0.09499915689229965 560
1745964496954 0.14725719392299652 580
1745964512841 0.14493870735168457 600
1745964528744 0.14754171669483185 620
1745964544639 0.09247235208749771 640
1745964560546 0.13620176911354065 660
1745964576449 0.12011846899986267 680
1745964592357 0.1884913146495819 700
1745964608269 0.125525563955307 720
1745964624224 0.07868950814008713 740
1745964640193 0.27704060077667236 760
1745964656133 0.2100662738084793 780
1745964672059 0.031953439116477966 800
1745964687999 0.11154461652040482 820
1745964703941 0.13655199110507965 840
1745964719884 0.08134336769580841 860
1745964735869 0.1046164333820343 880
1745964751871 0.10291478782892227 900
1745964767854 0.15552322566509247 920
1745964783853 0.12538185715675354 940
1745964799866 0.11806157231330872 960
1745964815858 0.14079560339450836 980
1745964831850 0.11675696074962616 1000
1745964847854 0.059418607503175735 1020
1745964863854 0.14364595711231232 1040
1745964879846 0.15578199923038483 1060
1745964895846 0.10196690261363983 1080
1745964911847 0.11944476515054703 1100
1745964927851 0.09967101365327835 1120
1745964943857 0.1265525072813034 1140
1745964959871 0.34402933716773987 1160
1745964975885 0.06911966949701309 1180
1745964991896 0.12377040833234787 1200
1745965007903 0.12792202830314636 1220
1745965023918 0.16207225620746613 1240
1745965039928 0.12186449021100998 1260
1745965055955 0.120703786611557 1280
1745965071978 0.11417653411626816 1300
1745965087992 0.1404031217098236 1320
1745965104011 0.1601705700159073 1340
1745965120027 0.1387023627758026 1360
1745965136053 0.09075099974870682 1380
1745965152068 0.10809516906738281 1400
1745965168078 0.1834242343902588 1420
1745965184091 0.10140526294708252 1440
1745965200115 0.07880595326423645 1460
1745965216133 0.14259910583496094 1480
1745965232145 0.12231316417455673 1500
1745965248183 0.11421005427837372 1520
1745965264231 0.11168014258146286 1540
1745965280298 0.16274021565914154 1560
1745965296332 0.08896192163228989 1580
1745965312373 0.14560893177986145 1600
1745965328409 0.09235210716724396 1620
1745965344450 0.04684004560112953 1640
1745965360500 0.17512188851833344 1660
1745965376526 0.1424969732761383 1680
1745965392551 0.059897530823946 1700
1745965408583 0.05796357989311218 1720
1745965424622 0.10458289831876755 1740
1745965440657 0.08084813505411148 1760
1745965456689 0.10336761921644211 1780
1745965472723 0.1362324357032776 1800
1745965488749 0.20444682240486145 1820
1745965504787 0.1195230484008789 1840
1745965520826 0.09519778937101364 1860
1745965536862 0.15256813168525696 1880
1745965552909 0.049856070429086685 1900
1745965568950 0.14637665450572968 1920
1745965584991 0.05783494561910629 1940
1745965601024 0.08283734321594238 1960
1745965617053 0.11638262122869492 1980
1745965633080 0.10826949030160904 2000
1745965649106 0.08036285638809204 2020
1745965665127 0.13311952352523804 2040
1745965681158 0.12424183636903763 2060
1745965697193 0.09188611060380936 2080
1745965713232 0.16749298572540283 2100
1745965729267 0.098458431661129 2120
1745965745303 0.10856779664754868 2140
1745965761347 0.09129533171653748 2160
1745965777388 0.1261717528104782 2180
1745965793423 0.1448976844549179 2200
1745965809468 0.08048320561647415 2220
1745965825520 0.10416126996278763 2240
1745965841565 0.11681489646434784 2260
1745965857608 0.1102738156914711 2280
1745965873648 0.10843174159526825 2300
1745965889685 0.11349086463451385 2320
1745965905715 0.10073504596948624 2340
1745965921749 0.0851280614733696 2360
1745965937787 0.10864633321762085 2380
1745965953819 0.13168969750404358 2400
1745965969861 0.10057700425386429 2420
1745965985898 0.13307712972164154 2440
1745966001932 0.0636451244354248 2460
1745966017971 0.2073400765657425 2480
1745966034005 0.08951212465763092 2500
1745966050048 0.15884841978549957 2520
1745966066075 0.08407868444919586 2540
1745966082111 0.16521549224853516 2560
1745966098164 0.08648901432752609 2580
1745966114215 0.10364790260791779 2600
1745966130254 0.1529051512479782 2620
