1745963993506 0.1268882155418396 20
1745964016150 0.17083947360515594 40
1745964033477 0.10602094233036041 60
1745964051790 0.3057851195335388 80
1745964072263 0.06946688145399094 100
1745964088134 0.05603448301553726 120
1745964106876 0.03316749632358551 140
1745964124248 0.13116370141506195 160
1745964142958 0.10392609983682632 180
1745964159867 0.10570236295461655 200
1745964180088 0.10106899589300156 220
1745964196046 0.09608540683984756 240
1745964216344 0.03625377640128136 260
1745964232333 0.13706563413143158 280
1745964251728 0.04683195427060127 300
1745964270502 0.06753246486186981 320
1745964287857 0.08438818901777267 340
1745964310966 0.05979381501674652 360
1745964328294 0.15664160251617432 380
1745964348495 0.13852375745773315 400
1745964366806 0.13333334028720856 420
1745964385839 0.07987220585346222 440
1745964401698 0.15166835486888885 460
1745964417558 0.11416184902191162 480
1745964433429 0.1420000046491623 500
1745964449304 0.0902160108089447 520
1745964465181 0.09552495926618576 540
1745964481067 0.17994099855422974 560
1745964496957 0.0680786669254303 580
1745964512843 0.07549234479665756 600
1745964528747 0.05082319304347038 620
1745964544641 0.19176706671714783 640
1745964560548 0.0694444477558136 660
1745964576451 0.05999999865889549 680
1745964592359 0.09255079180002213 700
1745964608271 0.13033448159694672 720
1745964624226 0.17673048377037048 740
1745964640196 0.054054055362939835 760
1745964656136 0.035964034497737885 780
1745964672061 0.28639617562294006 800
1745964688001 0.12408759444952011 820
1745964703943 0.10280373692512512 840
1745964719886 0.115992970764637 860
1745964735872 0.08501118421554565 880
1745964751874 0.09225092083215714 900
1745964767856 0.04303278774023056 920
1745964783856 0.19957081973552704 940
1745964799869 0.10862068831920624 960
1745964815861 0.08661417663097382 980
1745964831853 0.1117166206240654 1000
1745964847856 0.14772726595401764 1020
1745964863857 0.09017496556043625 1040
1745964879849 0.12929293513298035 1060
1745964895849 0.13818182051181793 1080
1745964911849 0.08557844907045364 1100
1745964927853 0.09761162847280502 1120
1745964943860 0.16861435770988464 1140
1745964959873 0.09259258955717087 1160
1745964975887 0.17016807198524475 1180
1745964991899 0.1737346053123474 1200
1745965007905 0.1003962978720665 1220
1745965023921 0.10889774560928345 1240
1745965039930 0.0807899460196495 1260
1745965055957 0.07941176742315292 1280
1745965071980 0.06618531793355942 1300
1745965087994 0.10683012008666992 1320
1745965104014 0.0845070406794548 1340
1745965120029 0.10934393852949142 1360
1745965136055 0.1169811338186264 1380
1745965152070 0.07027027010917664 1400
1745965168081 0.037552155554294586 1420
1745965184093 0.09497206658124924 1440
1745965200117 0.12883435189723969 1460
1745965216136 0.14596670866012573 1480
1745965232147 0.08290816098451614 1500
1745965248185 0.1119324192404747 1520
1745965264233 0.18060606718063354 1540
1745965280300 0.08403361588716507 1560
1745965296335 0.14940577745437622 1580
1745965312376 0.1385083645582199 1600
1745965328412 0.09698996692895889 1620
1745965344452 0.19187675416469574 1640
1745965360502 0.08153846114873886 1660
1745965376528 0.13164250552654266 1680
1745965392553 0.27301090955734253 1700
1745965408585 0.16032063961029053 1720
1745965424624 0.0669240653514862 1740
1745965440659 0.12192118167877197 1760
1745965456691 0.08827786147594452 1780
1745965472726 0.053404539823532104 1800
1745965488751 0.07883817702531815 1820
1745965504789 0.10297767072916031 1840
1745965520828 0.11554921418428421 1860
1745965536865 0.12845849990844727 1880
1745965552912 0.0988142266869545 1900
1745965568953 0.08721804618835449 1920
1745965584993 0.15027321875095367 1940
1745965601026 0.1933216154575348 1960
1745965617055 0.1757679134607315 1980
1745965633083 0.1388102024793625 2000
1745965649109 0.2014598548412323 2020
1745965665129 0.08760951459407806 2040
1745965681161 0.06266666948795319 2060
1745965697195 0.07658321410417557 2080
1745965713234 0.05182072892785072 2100
1745965729269 0.0833333358168602 2120
1745965745306 0.13141994178295135 2140
1745965761349 0.12770137190818787 2160
1745965777390 0.10520094633102417 2180
1745965793426 0.06503298878669739 2200
1745965809470 0.08606557548046112 2220
1745965825522 0.15147265791893005 2240
1745965841568 0.0670391097664833 2260
1745965857610 0.059967584908008575 2280
1745965873651 0.09292035549879074 2300
1745965889688 0.06590509414672852 2320
1745965905717 0.11849711090326309 2340
1745965921751 0.03618817776441574 2360
1745965937790 0.12816189229488373 2380
1745965953821 0.07341772317886353 2400
1745965969864 0.07570978254079819 2420
1745965985901 0.10540540516376495 2440
1745966001934 0.19540229439735413 2460
1745966017972 0.06507176905870438 2480
1745966034007 0.06880000233650208 2500
1745966050051 0.06609195470809937 2520
1745966066076 0.07320099323987961 2540
1745966082114 0.07934508472681046 2560
1745966098166 0.1411149799823761 2580
1745966114218 0.06084243208169937 2600
1745966130257 0.04667609557509422 2620
