1745963993501 14.80367660522461 20
1745964014710 17.017366409301758 40
1745964033472 18.879581451416016 60
1745964050758 21.862503051757812 80
1745964072259 16.503864288330078 100
1745964088129 17.166757583618164 120
1745964106872 16.1385498046875 140
1745964124243 18.699058532714844 160
1745964142334 17.97551918029785 180
1745964159862 15.897453308105469 200
1745964180083 16.704418182373047 220
1745964196041 17.01193618774414 240
1745964216339 17.07709312438965 260
1745964232329 18.33209800720215 280
1745964251723 15.425788879394531 300
1745964269062 18.60479736328125 320
1745964287852 17.778209686279297 340
1745964309526 16.638965606689453 360
1745964328288 21.64562225341797 380
1745964348491 16.516624450683594 400
1745964365366 17.090490341186523 420
1745964385835 15.307254791259766 440
1745964401693 17.579233169555664 460
1745964417553 19.05794334411621 480
1745964433424 18.008872985839844 500
1745964449298 19.53726577758789 520
1745964465176 16.792213439941406 540
1745964481062 19.938589096069336 560
1745964496951 16.555700302124023 580
1745964512838 17.303945541381836 600
1745964528742 17.20488166809082 620
1745964544636 19.51757049560547 640
1745964560543 16.904891967773438 660
1745964576447 18.56838035583496 680
1745964592355 15.436920166015625 700
1745964608267 18.19786834716797 720
1745964624221 20.22341537475586 740
1745964640190 16.055095672607422 760
1745964656131 15.063159942626953 780
1745964672056 25.428651809692383 800
1745964687996 18.143314361572266 820
1745964703938 16.681861877441406 840
1745964719881 20.12955665588379 860
1745964735867 19.25623321533203 880
1745964751869 19.514095306396484 900
1745964767852 18.573972702026367 920
1745964783851 17.403457641601562 940
1745964799864 19.233135223388672 960
1745964815856 16.97525978088379 980
1745964831848 16.5886287689209 1000
1745964847851 22.167325973510742 1020
1745964863852 17.613679885864258 1040
1745964879844 16.94233512878418 1060
1745964895844 19.42718505859375 1080
1745964911844 17.19448471069336 1100
1745964927849 18.232147216796875 1120
1745964943855 15.720134735107422 1140
1745964959868 10.723552703857422 1160
1745964975882 21.086122512817383 1180
1745964991894 17.650774002075195 1200
1745965007901 16.654342651367188 1220
1745965023916 15.01187515258789 1240
1745965039925 18.0350284576416 1260
1745965055952 16.875890731811523 1280
1745965071975 17.333404541015625 1300
1745965087989 16.07166290283203 1320
1745965104009 18.237024307250977 1340
1745965120024 17.224960327148438 1360
1745965136050 18.93826675415039 1380
1745965152066 18.354530334472656 1400
1745965168075 16.201520919799805 1420
1745965184089 18.474130630493164 1440
1745965200112 20.076068878173828 1460
1745965216131 17.237651824951172 1480
1745965232142 18.25621795654297 1500
1745965248180 17.865280151367188 1520
1745965264228 17.21112060546875 1540
1745965280295 16.583904266357422 1560
1745965296329 18.693220138549805 1580
1745965312371 17.870243072509766 1600
1745965328407 18.63164710998535 1620
1745965344447 22.870834350585938 1640
1745965360497 15.276084899902344 1660
1745965376524 15.999908447265625 1680
1745965392548 22.387958526611328 1700
1745965408580 22.375728607177734 1720
1745965424620 19.270099639892578 1740
1745965440654 19.79009246826172 1760
1745965456687 20.06044578552246 1780
1745965472721 18.494173049926758 1800
1745965488748 16.2303409576416 1820
1745965504784 19.492420196533203 1840
1745965520823 18.173847198486328 1860
1745965536860 16.311044692993164 1880
1745965552906 22.686683654785156 1900
1745965568947 16.404090881347656 1920
1745965584989 23.187149047851562 1940
1745965601021 20.970224380493164 1960
1745965617050 18.5686092376709 1980
1745965633078 16.689634323120117 2000
1745965649104 21.616945266723633 2020
1745965665124 16.90932273864746 2040
1745965681156 18.288921356201172 2060
1745965697191 19.821866989135742 2080
1745965713230 17.20402717590332 2100
1745965729264 19.340225219726562 2120
1745965745300 18.12226676940918 2140
1745965761344 19.001127243041992 2160
1745965777386 16.74663543701172 2180
1745965793421 17.791791915893555 2200
1745965809465 19.399229049682617 2220
1745965825517 17.556453704833984 2240
1745965841563 18.600692749023438 2260
1745965857605 17.501964569091797 2280
1745965873646 18.336793899536133 2300
1745965889683 17.450345993041992 2320
1745965905713 18.775510787963867 2340
1745965921747 19.739896774291992 2360
1745965937785 18.86704444885254 2380
1745965953817 18.922910690307617 2400
1745965969859 20.08528709411621 2420
1745965985896 16.573930740356445 2440
1745966001930 20.49237632751465 2460
1745966017969 17.49796485900879 2480
1745966034003 19.288665771484375 2500
1745966050046 16.57033920288086 2520
1745966066073 20.437652587890625 2540
1745966082109 16.119327545166016 2560
1745966098162 18.2513370513916 2580
1745966114213 18.834901809692383 2600
1745966130252 15.838459014892578 2620
