1745963993509 0.022435897961258888 20
1745964016869 0.06391184777021408 40
1745964033480 0.0704960823059082 60
1745964052510 0.0989304780960083 80
1745964072265 0.02574850246310234 100
1745964088136 0.035773251205682755 120
1745964106878 0.01775410585105419 140
1745964124250 0.08619572222232819 160
1745964143270 0.06891270726919174 180
1745964159869 0.03398926556110382 200
1745964180090 0.05430809408426285 220
1745964196049 0.031088082119822502 240
1745964216346 0.012018026784062386 260
1745964232336 0.034036435186862946 280
1745964251730 0.024835646152496338 300
1745964271222 0.031882282346487045 320
1745964287859 0.03086419776082039 340
1745964311686 0.028684470802545547 360
1745964328296 0.09615384787321091 380
1745964348498 0.07032854110002518 400
1745964367526 0.05240992084145546 420
1745964385842 0.02523977868258953 440
1745964401701 0.07201152294874191 460
1745964417560 0.053961750119924545 480
1745964433431 0.05133767053484917 500
1745964449306 0.051263537257909775 520
1745964465184 0.05901116505265236 540
1745964481070 0.078709676861763 560
1745964496960 0.021176470443606377 580
1745964512846 0.024669287726283073 600
1745964528749 0.02744491770863533 620
1745964544644 0.09769821166992188 640
1745964560550 0.0303738322108984 660
1745964576454 0.020632736384868622 680
1745964592362 0.04175152629613876 700
1745964608274 0.06055734306573868 720
1745964624228 0.07237635552883148 740
1745964640198 0.017233125865459442 760
1745964656138 0.014452027156949043 780
1745964672064 0.1202404797077179 800
1745964688004 0.04205838590860367 820
1745964703945 0.037898361682891846 840
1745964719888 0.05339805781841278 860
1745964735874 0.04006325826048851 880
1745964751876 0.024485798552632332 900
1745964767858 0.011744966730475426 920
1745964783858 0.05181058496236801 940
1745964799871 0.0317380353808403 960
1745964815863 0.027376804500818253 980
1745964831855 0.04181540012359619 1000
1745964847858 0.0677083358168602 1020
1745964863859 0.02934735082089901 1040
1745964879851 0.028008753433823586 1060
1745964895852 0.0516655333340168 1080
1745964911851 0.0380014069378376 1100
1745964927856 0.03527204319834709 1120
1745964943862 0.06332288682460785 1140
1745964959875 0.033222589641809464 1160
1745964975889 0.06558704376220703 1180
1745964991901 0.05379076674580574 1200
1745965007908 0.035103924572467804 1220
1745965023923 0.030585601925849915 1240
1745965039933 0.02209131047129631 1260
1745965055960 0.031070195138454437 1280
1745965071983 0.025785278528928757 1300
1745965087997 0.026754386723041534 1320
1745965104016 0.03155127167701721 1340
1745965120032 0.044105853885412216 1360
1745965136058 0.057090237736701965 1380
1745965152072 0.027397260069847107 1400
1745965168083 0.009003001265227795 1420
1745965184095 0.03170163184404373 1440
1745965200120 0.04735061898827553 1460
1745965216139 0.04556354880332947 1480
1745965232149 0.028824834153056145 1500
1745965248188 0.0529206208884716 1520
1745965264235 0.06436285376548767 1540
1745965280302 0.023419203236699104 1560
1745965296337 0.0652335062623024 1580
1745965312378 0.04282353073358536 1600
1745965328414 0.036295369267463684 1620
1745965344454 0.09533751010894775 1640
1745965360505 0.027040816843509674 1660
1745965376531 0.060622915625572205 1680
1745965392555 0.1405622512102127 1700
1745965408588 0.050409577786922455 1720
1745965424627 0.032663315534591675 1740
1745965440662 0.064453125 1760
1745965456694 0.022567518055438995 1780
1745965472728 0.016406890004873276 1800
1745965488753 0.0225029606372118 1820
1745965504791 0.04623955488204956 1840
1745965520831 0.04679376259446144 1860
1745965536867 0.030849549919366837 1880
1745965552914 0.03236246109008789 1900
1745965568955 0.03017689846456051 1920
1745965584996 0.09954751282930374 1940
1745965601029 0.07617728412151337 1960
1745965617058 0.04679691046476364 1980
1745965633086 0.04771178215742111 2000
1745965649111 0.07044410705566406 2020
1745965665131 0.033396948128938675 2040
1745965681163 0.02388211339712143 2060
1745965697198 0.027296587824821472 2080
1745965713237 0.014931396581232548 2100
1745965729272 0.03019627556204796 2120
1745965745308 0.0360846109688282 2140
1745965761351 0.03559693321585655 2160
1745965777392 0.025992991402745247 2180
1745965793428 0.03155006840825081 2200
1745965809473 0.03425774723291397 2220
1745965825525 0.05943863466382027 2240
1745965841570 0.024499796330928802 2260
1745965857612 0.01848151907324791 2280
1745965873653 0.03188259154558182 2300
1745965889690 0.028702640905976295 2320
1745965905720 0.044228695333004 2340
1745965921754 0.018382353708148003 2360
1745965937792 0.0416666679084301 2380
1745965953823 0.02585822530090809 2400
1745965969866 0.04118993133306503 2420
1745965985903 0.0625668466091156 2440
1745966001937 0.06890561431646347 2460
1745966017974 0.025138631463050842 2480
1745966034010 0.02452937886118889 2500
1745966050053 0.018217822536826134 2520
1745966066078 0.035350508987903595 2540
1745966082117 0.028314607217907906 2560
1745966098169 0.04109589010477066 2580
1745966114220 0.021654635667800903 2600
1745966130259 0.016624685376882553 2620
