1745745154696 0.6832883358001709 20
1745745162332 0.6810101270675659 40
1745745169278 0.651619017124176 60
1745745177257 0.6428117752075195 80
1745745184488 0.6287932991981506 100
1745745190323 0.6536995768547058 120
1745745199356 0.6130876541137695 140
1745745205487 0.6325552463531494 160
1745745212832 0.6317983865737915 180
1745745221375 0.580655038356781 200
1745745228553 0.5661060810089111 220
1745745235633 0.5816389322280884 240
1745745243789 0.5882300734519958 260
1745745250327 0.5955606698989868 280
1745745257615 0.6389681100845337 300
1745745264030 0.551898181438446 320
1745745272681 0.5911273956298828 340
1745745281089 0.588196873664856 360
1745745288500 0.5823851823806763 380
1745745295496 0.6112996339797974 400
1745745303340 0.5579888820648193 420
1745745310767 0.6050640344619751 440
1745745317030 0.5710408687591553 460
1745745326299 0.5613687038421631 480
1745745332813 0.5860905647277832 500
1745745342169 0.5411301851272583 520
1745745349095 0.5491158366203308 540
1745745356160 0.5282846689224243 560
1745745364212 0.4955347776412964 580
1745745372165 0.528687059879303 600
1745745379516 0.5572884678840637 620
1745745387926 0.49981874227523804 640
1745745395701 0.5225893259048462 660
1745745402918 0.5695158839225769 680
1745745411309 0.5022444725036621 700
1745745417062 0.5652141571044922 720
1745745425501 0.5368960499763489 740
1745745432969 0.5456267595291138 760
1745745442099 0.5365636348724365 780
1745745448376 0.5513270497322083 800
1745745455617 0.4945165514945984 820
1745745462923 0.5489663481712341 840
1745745472233 0.4719802737236023 860
1745745480016 0.5525014400482178 880
1745745487862 0.490058958530426 900
1745745494791 0.5101814866065979 920
1745745502653 0.5951658487319946 940
1745745509727 0.5298408269882202 960
1745745517943 0.4647822976112366 980
1745745525966 0.5005956888198853 1000
1745745534653 0.5231472253799438 1020
1745745541733 0.46347832679748535 1040
1745745548797 0.5264197587966919 1060
1745745556751 0.5399121642112732 1080
1745745564006 0.46102648973464966 1100
1745745573674 0.518891453742981 1120
1745745581795 0.5244622230529785 1140
1745745589895 0.4989650249481201 1160
1745745596288 0.5415420532226562 1180
1745745603629 0.49896669387817383 1200
1745745612193 0.5457396507263184 1220
1745745621181 0.5489401817321777 1240
1745745628507 0.5151157975196838 1260
1745745637546 0.48979687690734863 1280
1745745645507 0.47358864545822144 1300
1745745651574 0.5261329412460327 1320
1745745659786 0.5186771750450134 1340
1745745667331 0.5189344882965088 1360
1745745674154 0.4949156641960144 1380
1745745684132 0.5515909194946289 1400
1745745691854 0.4957425594329834 1420
1745745699008 0.5223572254180908 1440
1745745706917 0.46877866983413696 1460
1745745715067 0.42218297719955444 1480
1745745722512 0.5618163347244263 1500
1745745729745 0.5303680300712585 1520
1745745737659 0.5513749122619629 1540
1745745746132 0.5044685006141663 1560
1745745753347 0.5271750688552856 1580
1745745760702 0.433735191822052 1600
1745745769195 0.5519786477088928 1620
1745745776791 0.49202123284339905 1640
1745745785410 0.44325485825538635 1660
1745745792258 0.49285995960235596 1680
1745745800831 0.48037680983543396 1700
1745745808428 0.5021346211433411 1720
1745745817036 0.45209285616874695 1740
1745745824979 0.4676600992679596 1760
1745745832729 0.4616748094558716 1780
1745745841340 0.4621959328651428 1800
1745745848768 0.4839054346084595 1820
1745745855614 0.4616396427154541 1840
1745745864104 0.3999924063682556 1860
1745745872497 0.413419246673584 1880
1745745879272 0.5057101249694824 1900
1745745888265 0.48211920261383057 1920
1745745896133 0.5054266452789307 1940
1745745904110 0.45231202244758606 1960
1745745912417 0.4664759039878845 1980
1745745919791 0.4839039742946625 2000
1745745928356 0.45221006870269775 2020
1745745936850 0.46399885416030884 2040
1745745944553 0.4334147572517395 2060
1745745952428 0.4353542923927307 2080
1745745960728 0.457865446805954 2100
1745745967983 0.44304075837135315 2120
1745745975902 0.4619556665420532 2140
1745745984361 0.4735166132450104 2160
1745745992002 0.5024879574775696 2180
1745746000350 0.5169491767883301 2200
1745746008487 0.4576997756958008 2220
1745746016742 0.4942125082015991 2240
1745746025030 0.4302906394004822 2260
1745746033611 0.49012869596481323 2280
1745746041632 0.48145049810409546 2300
1745746048252 0.5034973621368408 2320
1745746056132 0.5036822557449341 2340
1745746065093 0.4274352192878723 2360
1745746072275 0.47142499685287476 2380
1745746080917 0.47675520181655884 2400
1745746089415 0.4242946207523346 2420
1745746097058 0.5068284869194031 2440
1745746106367 0.3559597134590149 2460
1745746113899 0.5929102301597595 2480
1745746121663 0.41293883323669434 2500
1745746130985 0.4060904383659363 2520
1745746139528 0.44232177734375 2540
1745746147856 0.3899047374725342 2560
1745746155457 0.4757375121116638 2580
1745746163725 0.44613590836524963 2600
1745746171731 0.3715653121471405 2620
1745746180458 0.3926837146282196 2640
1745746188562 0.40925270318984985 2660
1745746197095 0.4718988537788391 2680
1745746206286 0.4337220788002014 2700
1745746213449 0.4320446848869324 2720
1745746221400 0.5106735825538635 2740
1745746229739 0.5226061344146729 2760
1745746237936 0.5155883431434631 2780
1745746246072 0.4067956805229187 2800
1745746255320 0.4773334264755249 2820
1745746262074 0.35529449582099915 2840
1745746271202 0.4205697774887085 2860
1745746278766 0.486896812915802 2880
1745746286824 0.5255417823791504 2900
1745746294955 0.46118152141571045 2920
1745746304586 0.4198063015937805 2940
1745746311155 0.4100492298603058 2960
1745746320516 0.37690141797065735 2980
1745746327712 0.40445688366889954 3000
1745746336326 0.4221518337726593 3020
1745746344515 0.399374783039093 3040
1745746352632 0.40985119342803955 3060
1745746361052 0.43751001358032227 3080
1745746369282 0.4306519627571106 3100
1745746377691 0.4061257243156433 3120
1745746385079 0.4567684531211853 3140
1745746394056 0.4643535017967224 3160
1745746402144 0.4843980073928833 3180
1745746411869 0.4335539937019348 3200
1745746420960 0.4154086709022522 3220
1745746428448 0.4837406277656555 3240
1745746437857 0.4183782935142517 3260
1745746445580 0.47707629203796387 3280
1745746454757 0.4691462516784668 3300
1745746461903 0.44255417585372925 3320
1745746471330 0.43397295475006104 3340
1745746478736 0.3818429112434387 3360
1745746487031 0.4511590600013733 3380
1745746494657 0.4255598783493042 3400
1745746503871 0.37719762325286865 3420
1745746511585 0.4832298755645752 3440
1745746521070 0.4059860110282898 3460
1745746528741 0.4412609338760376 3480
1745746535660 0.40255632996559143 3500
1745746544419 0.4716055393218994 3520
1745746553146 0.47293347120285034 3540
1745746562087 0.4194459915161133 3560
1745746569662 0.39501678943634033 3580
1745746577413 0.5017520785331726 3600
1745746585848 0.39681485295295715 3620
1745746594464 0.3983513116836548 3640
1745746601726 0.36365270614624023 3660
1745746611191 0.3764306604862213 3680
1745746619821 0.4109898805618286 3700
1745746627487 0.4389877915382385 3720
1745746636095 0.39600539207458496 3740
1745746644277 0.4517979621887207 3760
1745746652573 0.4838874936103821 3780
1745746660798 0.3951287865638733 3800
1745746669736 0.5135855674743652 3820
1745746677774 0.3238765299320221 3840
1745746686124 0.45908230543136597 3860
1745746693151 0.45935267210006714 3880
1745746702159 0.4685066342353821 3900
1745746710090 0.3929598927497864 3920
1745746718997 0.34381103515625 3940
1745746727936 0.45065438747406006 3960
1745746735152 0.39402952790260315 3980
1745746743211 0.38383835554122925 4000
1745746752412 0.37916702032089233 4020
1745746760224 0.37591224908828735 4040
1745746767471 0.3884243667125702 4060
1745746776622 0.49863916635513306 4080
1745746785637 0.4657193422317505 4100
1745746792480 0.3796365261077881 4120
1745746800953 0.39773625135421753 4140
1745746809834 0.4000878930091858 4160
1745746817222 0.3643611967563629 4180
1745746827223 0.4012525677680969 4200
1745746835328 0.3536972403526306 4220
1745746844023 0.448554128408432 4240
1745746851446 0.3781294822692871 4260
1745746860336 0.4071088433265686 4280
1745746868969 0.44968098402023315 4300
1745746876479 0.3042353391647339 4320
1745746885678 0.36577871441841125 4340
1745746894100 0.3858352303504944 4360
1745746901576 0.4533729553222656 4380
1745746910485 0.34809333086013794 4400
1745746918318 0.4037150740623474 4420
1745746927145 0.41242241859436035 4440
1745746934805 0.34759238362312317 4460
1745746942760 0.2943325638771057 4480
1745746951255 0.39636197686195374 4500
1745746957846 0.4345257580280304 4520
1745746966377 0.3517005443572998 4540
1745746976208 0.4240970015525818 4560
1745746984769 0.4123799204826355 4580
1745746993602 0.39144185185432434 4600
1745747000582 0.4388381540775299 4620
1745747009031 0.33760571479797363 4640
1745747017304 0.34683725237846375 4660
1745747025816 0.30963969230651855 4680
1745747033288 0.3219640851020813 4700
1745747041849 0.3768305778503418 4720
1745747051205 0.36350250244140625 4740
1745747057937 0.4850406050682068 4760
1745747066220 0.38896840810775757 4780
1745747074594 0.374375581741333 4800
1745747082770 0.36472368240356445 4820
1745747090966 0.37147852778434753 4840
1745747100281 0.3578068017959595 4860
1745747108247 0.41047072410583496 4880
1745747116433 0.4016447067260742 4900
1745747124364 0.2923668920993805 4920
1745747133190 0.37921422719955444 4940
1745747141725 0.3467021584510803 4960
1745747149574 0.44949597120285034 4980
1745747157746 0.3845787048339844 5000
1745747165922 0.35101455450057983 5020
1745747173600 0.2926805317401886 5040
1745747182572 0.38299405574798584 5060
1745747191375 0.35291141271591187 5080
1745747198404 0.4059799611568451 5100
1745747207837 0.3753392994403839 5120
1745747215288 0.48198890686035156 5140
1745747223689 0.3498900830745697 5160
1745747232687 0.35876908898353577 5180
1745747240647 0.3601666986942291 5200
1745747249419 0.3799564242362976 5220
1745747257229 0.32353949546813965 5240
1745747266092 0.3389485776424408 5260
1745747273424 0.42622247338294983 5280
1745747280448 0.38117843866348267 5300
1745747289460 0.329249769449234 5320
1745747297928 0.3324005901813507 5340
1745747306798 0.3414791226387024 5360
1745747314937 0.36324191093444824 5380
1745747323504 0.2882457673549652 5400
1745747331384 0.3220621943473816 5420
1745747339895 0.3258246183395386 5440
1745747348348 0.29842203855514526 5460
1745747357713 0.3772801458835602 5480
1745747366906 0.38152509927749634 5500
1745747373778 0.34470269083976746 5520
1745747382934 0.2944551408290863 5540
1745747391644 0.3211454153060913 5560
1745747399983 0.38236427307128906 5580
1745747408710 0.3083817958831787 5600
1745747417633 0.42651987075805664 5620
1745747425281 0.32928210496902466 5640
1745747434216 0.3517570197582245 5660
1745747441758 0.29721319675445557 5680
1745747450973 0.4156622290611267 5700
1745747458949 0.3695177435874939 5720
1745747467903 0.44203680753707886 5740
1745747476291 0.323749303817749 5760
1745747483850 0.3620952367782593 5780
1745747493200 0.42691779136657715 5800
1745747501546 0.30747976899147034 5820
1745747510150 0.34527820348739624 5840
1745747517572 0.3460143804550171 5860
1745747526302 0.5004311203956604 5880
1745747534053 0.2727397382259369 5900
1745747543035 0.3101167380809784 5920
1745747551817 0.34965449571609497 5940
1745747558925 0.34085822105407715 5960
1745747567528 0.3710060119628906 5980
1745747576135 0.3643522262573242 6000
1745747584282 0.3242337107658386 6020
1745747592712 0.4649365246295929 6040
1745747600414 0.37390995025634766 6060
1745747609778 0.33452606201171875 6080
1745747618442 0.4418942928314209 6100
1745747625857 0.3591567873954773 6120
1745747634693 0.3472476005554199 6140
1745747642860 0.3411969840526581 6160
1745747650652 0.28606116771698 6180
1745747659333 0.3959536552429199 6200
1745747667793 0.36445897817611694 6220
1745747675082 0.3513309359550476 6240
1745747685408 0.4009571671485901 6260
1745747692502 0.31122201681137085 6280
1745747700168 0.337970107793808 6300
1745747708919 0.34917643666267395 6320
1745747717176 0.3109380006790161 6340
1745747725141 0.36951759457588196 6360
1745747734301 0.3377651572227478 6380
1745747743009 0.3347698152065277 6400
1745747750723 0.3535231947898865 6420
1745747758964 0.3251052796840668 6440
1745747767695 0.3528200387954712 6460
1745747775956 0.3713415861129761 6480
1745747783852 0.3278179466724396 6500
1745747792514 0.31465330719947815 6520
1745747800692 0.3440805971622467 6540
1745747809727 0.2589452862739563 6560
1745747819817 0.3483864367008209 6580
1745747828616 0.3808285593986511 6600
1745747836455 0.3545897901058197 6620
1745747844950 0.38178086280822754 6640
1745747853138 0.3726955056190491 6660
1745747861861 0.29694831371307373 6680
1745747868603 0.34524673223495483 6700
1745747878638 0.30572858452796936 6720
1745747886509 0.34084227681159973 6740
1745747894441 0.25237879157066345 6760
1745747903162 0.3103313148021698 6780
1745747910714 0.2936517298221588 6800
1745747920848 0.23655810952186584 6820
1745747928530 0.3551023006439209 6840
1745747936590 0.3327890634536743 6860
1745747945896 0.3696537911891937 6880
1745747954873 0.3707578778266907 6900
1745747963292 0.2976156175136566 6920
1745747971842 0.30496132373809814 6940
1745747981000 0.3741476237773895 6960
1745747988676 0.28818923234939575 6980
1745747997300 0.34163641929626465 7000
1745748006420 0.278347373008728 7020
1745748015189 0.4617689251899719 7040
1745748023039 0.3353741765022278 7060
1745748031270 0.30758965015411377 7080
1745748039820 0.38580334186553955 7100
1745748047396 0.34032678604125977 7120
1745748056241 0.2974993586540222 7140
1745748064180 0.3373132348060608 7160
1745748073042 0.28611138463020325 7180
1745748080945 0.2772446870803833 7200
1745748088712 0.3885928988456726 7220
1745748097383 0.3152930736541748 7240
1745748104785 0.35085004568099976 7260
1745748113846 0.2436722218990326 7280
1745748123309 0.36308252811431885 7300
1745748130200 0.35446685552597046 7320
1745748138231 0.3417568802833557 7340
1745748146839 0.2974746823310852 7360
1745748155710 0.42595434188842773 7380
1745748164232 0.29296451807022095 7400
1745748173202 0.33385321497917175 7420
1745748181491 0.31379830837249756 7440
1745748189489 0.3716030418872833 7460
1745748198002 0.2854343354701996 7480
1745748205323 0.28258025646209717 7500
1745748213230 0.2722300887107849 7520
1745748223039 0.302715003490448 7540
1745748231898 0.37629997730255127 7560
1745748240270 0.38375091552734375 7580
1745748248125 0.2792859971523285 7600
1745748256905 0.3768380284309387 7620
1745748264077 0.39379775524139404 7640
1745748272824 0.3476657271385193 7660
1745748281212 0.3472253382205963 7680
1745748289642 0.3611651062965393 7700
1745748298570 0.3697366714477539 7720
1745748305835 0.43499594926834106 7740
1745748314102 0.3446381390094757 7760
1745748323400 0.4026806950569153 7780
1745748333075 0.3075481057167053 7800
1745748341220 0.34788352251052856 7820
1745748348586 0.3370218575000763 7840
1745748358405 0.3613455295562744 7860
1745748365536 0.3366727828979492 7880
1745748374927 0.29151493310928345 7900
1745748382374 0.24976302683353424 7920
1745748391622 0.35658562183380127 7940
1745748398945 0.4340887665748596 7960
1745748406822 0.27080148458480835 7980
1745748416531 0.2763799726963043 8000
1745748423878 0.28173619508743286 8020
1745748432741 0.36603933572769165 8040
1745748441170 0.31334829330444336 8060
1745748449344 0.4261980354785919 8080
1745748456740 0.3897094130516052 8100
1745748465507 0.26587197184562683 8120
1745748474026 0.36972951889038086 8140
1745748482919 0.28176015615463257 8160
1745748490017 0.3012743592262268 8180
1745748498524 0.3082426190376282 8200
1745748507327 0.3218007981777191 8220
1745748516296 0.27663177251815796 8240
1745748524209 0.3313004970550537 8260
1745748532331 0.4165272116661072 8280
1745748540672 0.40890952944755554 8300
1745748550014 0.3673277795314789 8320
1745748557004 0.339166522026062 8340
1745748566027 0.3902266323566437 8360
1745748574234 0.2607937753200531 8380
1745748583012 0.33963894844055176 8400
1745748591812 0.3135577142238617 8420
1745748599640 0.305599570274353 8440
1745748607675 0.3619843125343323 8460
1745748615544 0.2652447819709778 8480
1745748624258 0.26842236518859863 8500
1745748632432 0.2904144823551178 8520
1745748641850 0.44002652168273926 8540
1745748649893 0.31078118085861206 8560
1745748657672 0.3539333939552307 8580
1745748666360 0.3202893137931824 8600
1745748674690 0.29922664165496826 8620
1745748682452 0.3931061029434204 8640
1745748691617 0.37484145164489746 8660
1745748699644 0.31826984882354736 8680
1745748706851 0.35302671790122986 8700
1745748716504 0.3013090193271637 8720
1745748725099 0.359438419342041 8740
1745748732449 0.3033945560455322 8760
1745748741405 0.3294868469238281 8780
1745748750496 0.39070940017700195 8800
1745748757694 0.40372470021247864 8820
1745748766370 0.2879127860069275 8840
1745748774733 0.326116681098938 8860
1745748783784 0.2950040400028229 8880
1745748792427 0.2993944585323334 8900
1745748801258 0.2682344615459442 8920
1745748809521 0.3312130868434906 8940
1745748817613 0.26323506236076355 8960
1745748826365 0.31612300872802734 8980
1745748834069 0.2839970290660858 9000
1745748843061 0.30093914270401 9020
1745748850370 0.2658923864364624 9040
1745748859054 0.34414374828338623 9060
1745748869312 0.3631000220775604 9080
1745748876970 0.31162458658218384 9100
1745748884585 0.3789766728878021 9120
1745748892564 0.34642186760902405 9140
1745748902620 0.2862805724143982 9160
1745748910527 0.34077468514442444 9180
1745748918859 0.3441866636276245 9200
1745748926353 0.37807828187942505 9220
1745748934606 0.3012089431285858 9240
1745748942815 0.3611237406730652 9260
1745748951621 0.21485242247581482 9280
1745748958289 0.355480432510376 9300
1745748968015 0.31918206810951233 9320
1745748976762 0.29651331901550293 9340
1745748983656 0.30560997128486633 9360
1745748993024 0.266442209482193 9380
1745749000106 0.31478509306907654 9400
1745749009086 0.3213774561882019 9420
1745749017958 0.28246036171913147 9440
1745749026433 0.2760891914367676 9460
1745749035267 0.28226619958877563 9480
1745749042206 0.2718491852283478 9500
1745749050338 0.3193833529949188 9520
1745749059725 0.3818398714065552 9540
1745749067364 0.37544679641723633 9560
1745749075548 0.3315367102622986 9580
1745749084408 0.40085551142692566 9600
1745749093097 0.35095739364624023 9620
1745749099551 0.3406820595264435 9640
1745749108843 0.33408716320991516 9660
1745749116111 0.30597057938575745 9680
1745749125684 0.3504907786846161 9700
1745749134078 0.33304813504219055 9720
1745749141812 0.3366214632987976 9740
1745749150099 0.30948543548583984 9760
1745749158436 0.3081001043319702 9780
1745749165675 0.3137858510017395 9800
1745749174773 0.3461741507053375 9820
1745749183544 0.34164130687713623 9840
1745749192716 0.31436461210250854 9860
1745749201195 0.25311559438705444 9880
1745749208339 0.23335424065589905 9900
1745749217466 0.30211496353149414 9920
1745749226445 0.41303882002830505 9940
1745749234784 0.304912805557251 9960
1745749243370 0.2610939145088196 9980
1745749250609 0.22849971055984497 10000
1745749263443 0.26872938871383667 10020
1745749271869 0.276472806930542 10040
1745749279639 0.2500295639038086 10060
1745749288654 0.24512824416160583 10080
1745749296045 0.2203896939754486 10100
1745749305285 0.2806854546070099 10120
1745749314109 0.3367961347103119 10140
1745749322012 0.29291456937789917 10160
1745749329079 0.2964504659175873 10180
1745749338534 0.3101555407047272 10200
1745749347352 0.22267013788223267 10220
1745749355184 0.3751075863838196 10240
1745749363799 0.2919492721557617 10260
1745749372676 0.34995266795158386 10280
1745749381199 0.3922460973262787 10300
1745749388730 0.34981080889701843 10320
1745749398107 0.24514348804950714 10340
1745749406088 0.23832416534423828 10360
1745749415524 0.2688511908054352 10380
1745749423844 0.3389611542224884 10400
1745749432706 0.299675315618515 10420
1745749440849 0.32398635149002075 10440
1745749449945 0.293171226978302 10460
1745749460092 0.26097092032432556 10480
1745749467662 0.35330793261528015 10500
1745749477287 0.33216601610183716 10520
1745749485365 0.391185462474823 10540
1745749493420 0.29220694303512573 10560
1745749501274 0.24493610858917236 10580
1745749510283 0.2579854726791382 10600
1745749518933 0.23178809881210327 10620
1745749525742 0.3603815734386444 10640
1745749534615 0.36408424377441406 10660
1745749543272 0.35449010133743286 10680
1745749550799 0.24935850501060486 10700
1745749559533 0.26406124234199524 10720
1745749568834 0.34856051206588745 10740
1745749577632 0.31678837537765503 10760
1745749585960 0.33933502435684204 10780
1745749593789 0.3067381978034973 10800
1745749601646 0.3163621425628662 10820
1745749610398 0.2533265948295593 10840
1745749619426 0.26924803853034973 10860
1745749627373 0.33433735370635986 10880
1745749636736 0.33262568712234497 10900
1745749644736 0.26917359232902527 10920
1745749653207 0.3095206320285797 10940
1745749660329 0.34262615442276 10960
1745749669383 0.3468276262283325 10980
1745749679085 0.24713203310966492 11000
1745749686729 0.2343554049730301 11020
1745749693954 0.3217791020870209 11040
1745749702484 0.3993675112724304 11060
1745749712030 0.34265124797821045 11080
1745749719675 0.44115856289863586 11100
1745749729144 0.3166031539440155 11120
1745749737560 0.2697156071662903 11140
1745749744898 0.220213383436203 11160
1745749753318 0.2999681830406189 11180
1745749762683 0.3179507255554199 11200
1745749770788 0.41640371084213257 11220
1745749779326 0.3580791652202606 11240
1745749787946 0.2737714648246765 11260
1745749796231 0.325497031211853 11280
1745749805711 0.2468247264623642 11300
1745749812559 0.24939842522144318 11320
1745749823037 0.2981119751930237 11340
1745749831281 0.15253105759620667 11360
1745749840417 0.272114634513855 11380
1745749848042 0.34191739559173584 11400
1745749856099 0.22390244901180267 11420
1745749865112 0.42379230260849 11440
1745749873301 0.3597179651260376 11460
1745749882330 0.3185838758945465 11480
1745749891463 0.3290511965751648 11500
1745749899724 0.32744258642196655 11520
1745749908131 0.35862308740615845 11540
1745749916388 0.29822587966918945 11560
1745749925730 0.2966950535774231 11580
1745749934347 0.31434378027915955 11600
1745749941626 0.33005404472351074 11620
1745749951217 0.24441035091876984 11640
1745749959969 0.36940616369247437 11660
1745749968058 0.2976926863193512 11680
1745749977052 0.2610991299152374 11700
1745749985030 0.3353192210197449 11720
1745749993854 0.3182685971260071 11740
1745750002030 0.4179270565509796 11760
1745750010112 0.2989274859428406 11780
1745750018335 0.39989569783210754 11800
1745750027090 0.29949694871902466 11820
1745750034988 0.34943529963493347 11840
1745750043448 0.33508551120758057 11860
1745750051369 0.2843150496482849 11880
1745750061232 0.24886317551136017 11900
1745750068116 0.31611567735671997 11920
1745750076936 0.2596437931060791 11940
1745750084924 0.3195763826370239 11960
1745750093673 0.3020101487636566 11980
1745750101348 0.29820626974105835 12000
1745750110872 0.2937771677970886 12020
1745750119652 0.38784682750701904 12040
1745750127828 0.30636096000671387 12060
1745750136417 0.26912206411361694 12080
1745750144079 0.3146512806415558 12100
1745750153777 0.3021671175956726 12120
1745750161595 0.3220599889755249 12140
1745750169633 0.2631666958332062 12160
1745750178970 0.28052353858947754 12180
1745750186613 0.3086199164390564 12200
1745750194709 0.2920435667037964 12220
1745750204568 0.4131314754486084 12240
1745750212604 0.34147247672080994 12260
1745750220631 0.3585384488105774 12280
1745750230049 0.306710809469223 12300
1745750237100 0.3482521176338196 12320
1745750245997 0.3074275553226471 12340
1745750254489 0.22299496829509735 12360
1745750263092 0.3860163688659668 12380
1745750271849 0.22813072800636292 12400
1745750280880 0.19530963897705078 12420
1745750287739 0.2320946753025055 12440
1745750296903 0.31477126479148865 12460
1745750305520 0.33862048387527466 12480
1745750312722 0.25486940145492554 12500
1745750320702 0.337447851896286 12520
1745750330648 0.29897698760032654 12540
1745750339043 0.1617562174797058 12560
1745750346682 0.27382999658584595 12580
1745750355893 0.2594830393791199 12600
1745750364364 0.3814793527126312 12620
1745750372929 0.3007587194442749 12640
1745750380620 0.27751287817955017 12660
1745750389032 0.3167312443256378 12680
1745750395364 0.29438886046409607 12700
1745750404943 0.2825946509838104 12720
1745750414269 0.42445844411849976 12740
1745750421565 0.2744710445404053 12760
1745750430295 0.38737282156944275 12780
1745750439635 0.32957491278648376 12800
1745750447346 0.2989451289176941 12820
1745750455719 0.28502726554870605 12840
1745750463185 0.30080634355545044 12860
1745750472111 0.23539765179157257 12880
1745750480624 0.34628376364707947 12900
1745750488738 0.34390178322792053 12920
1745750496493 0.21686477959156036 12940
1745750505503 0.385216623544693 12960
1745750514350 0.31656187772750854 12980
1745750522549 0.3963097333908081 13000
1745750530450 0.21383443474769592 13020
1745750540131 0.322212278842926 13040
1745750549363 0.2819223999977112 13060
1745750557413 0.27628085017204285 13080
1745750565712 0.33971333503723145 13100
1745750573463 0.3722451329231262 13120
1745750581130 0.4250977635383606 13140
1745750590324 0.3240029215812683 13160
1745750601011 0.3382301330566406 13180
1745750608312 0.29312169551849365 13200
1745750617417 0.2882038950920105 13220
1745750624799 0.30977663397789 13240
1745750633827 0.37336525321006775 13260
1745750641022 0.2996697723865509 13280
1745750649876 0.3503990173339844 13300
1745750658485 0.24290531873703003 13320
1745750666803 0.2808043360710144 13340
1745750675374 0.2931033670902252 13360
1745750684413 0.22748056054115295 13380
1745750692829 0.29093360900878906 13400
1745750701672 0.2654332220554352 13420
1745750709620 0.2724040746688843 13440
1745750717691 0.31257984042167664 13460
1745750727012 0.24817487597465515 13480
1745750735181 0.2520735263824463 13500
1745750743535 0.34173840284347534 13520
1745750752191 0.2630786597728729 13540
1745750761064 0.25667962431907654 13560
1745750768345 0.2962445616722107 13580
1745750776325 0.3250782787799835 13600
1745750785664 0.3939743638038635 13620
1745750794236 0.22507473826408386 13640
1745750801565 0.24370011687278748 13660
1745750810967 0.2893243134021759 13680
1745750820493 0.2997651696205139 13700
1745750827747 0.2952447533607483 13720
1745750836813 0.304278701543808 13740
1745750845410 0.2230972945690155 13760
1745750853817 0.2726789116859436 13780
1745750863244 0.2983544170856476 13800
1745750872119 0.3209477663040161 13820
1745750880371 0.44909560680389404 13840
1745750887326 0.1941315233707428 13860
1745750895709 0.2002706527709961 13880
1745750905240 0.2680296301841736 13900
1745750914077 0.27607107162475586 13920
1745750921046 0.32678544521331787 13940
1745750930685 0.36701714992523193 13960
1745750938386 0.31109365820884705 13980
1745750947728 0.29622092843055725 14000
1745750955957 0.1922304928302765 14020
1745750965928 0.21700918674468994 14040
1745750973856 0.2977142930030823 14060
1745750982828 0.3686102628707886 14080
1745750991205 0.39387306571006775 14100
1745750999407 0.28430822491645813 14120
1745751007637 0.24037107825279236 14140
1745751017192 0.3172687590122223 14160
1745751025279 0.27377209067344666 14180
1745751034777 0.32960113883018494 14200
1745751042272 0.25263598561286926 14220
1745751050748 0.2979010343551636 14240
1745751059308 0.30513375997543335 14260
1745751067681 0.26925739645957947 14280
1745751076659 0.20308640599250793 14300
1745751085281 0.3058532476425171 14320
1745751093463 0.2922573685646057 14340
1745751101553 0.23197665810585022 14360
1745751109812 0.2686864733695984 14380
1745751117285 0.316301167011261 14400
1745751126320 0.24504844844341278 14420
1745751134895 0.24593210220336914 14440
1745751141801 0.28839731216430664 14460
1745751150744 0.2907746434211731 14480
1745751158901 0.25195959210395813 14500
1745751167623 0.2503437399864197 14520
1745751176708 0.21793562173843384 14540
1745751184179 0.27163052558898926 14560
1745751193795 0.26640957593917847 14580
1745751201394 0.3205202519893646 14600
1745751209748 0.2946573495864868 14620
1745751218195 0.2617153227329254 14640
1745751227737 0.2577110528945923 14660
1745751236572 0.2689569592475891 14680
1745751245564 0.208464115858078 14700
1745751252865 0.26714515686035156 14720
1745751260937 0.337038516998291 14740
1745751270941 0.23168876767158508 14760
1745751278487 0.20087051391601562 14780
1745751287522 0.2650694251060486 14800
1745751296562 0.19824540615081787 14820
1745751304222 0.3439618945121765 14840
1745751312616 0.24384117126464844 14860
1745751320587 0.2644020617008209 14880
1745751329891 0.21491572260856628 14900
1745751338270 0.2892395257949829 14920
1745751345299 0.23299062252044678 14940
1745751355358 0.19553491473197937 14960
1745751364470 0.3417316675186157 14980
1745751371518 0.33387884497642517 15000
1745751380205 0.30426904559135437 15020
1745751389000 0.26489973068237305 15040
1745751396401 0.2654162645339966 15060
1745751405739 0.3251410126686096 15080
1745751414656 0.27924561500549316 15100
1745751423289 0.3419511318206787 15120
1745751430650 0.3059368133544922 15140
1745751440362 0.24920842051506042 15160
1745751447311 0.2708175480365753 15180
1745751456467 0.2658016085624695 15200
1745751466185 0.260844886302948 15220
1745751473867 0.35998353362083435 15240
1745751482891 0.2490202784538269 15260
1745751491695 0.21691234409809113 15280
1745751499935 0.21687239408493042 15300
1745751507119 0.36455798149108887 15320
1745751515685 0.32959434390068054 15340
1745751524923 0.32514989376068115 15360
1745751533199 0.29812318086624146 15380
1745751540727 0.23614409565925598 15400
1745751549960 0.27536651492118835 15420
1745751558061 0.3044094443321228 15440
1745751566439 0.29995933175086975 15460
1745751575759 0.28123345971107483 15480
1745751582509 0.3968970775604248 15500
1745751591844 0.2806848883628845 15520
1745751599973 0.2633777856826782 15540
1745751608652 0.25257349014282227 15560
1745751618060 0.3381384611129761 15580
1745751625984 0.25970619916915894 15600
1745751635935 0.1998780369758606 15620
1745751644454 0.2717147171497345 15640
1745751653872 0.19608628749847412 15660
1745751662541 0.3082321882247925 15680
1745751671179 0.2641752362251282 15700
1745751679167 0.28462275862693787 15720
1745751688066 0.35260316729545593 15740
1745751695336 0.24489599466323853 15760
1745751704806 0.19730553030967712 15780
1745751712234 0.27823662757873535 15800
1745751720899 0.20781336724758148 15820
1745751729718 0.2380557358264923 15840
1745751737763 0.3174033761024475 15860
1745751746162 0.22003039717674255 15880
1745751755140 0.34786468744277954 15900
1745751763059 0.2947501242160797 15920
1745751771649 0.261022686958313 15940
1745751780280 0.27298495173454285 15960
1745751788540 0.1960160732269287 15980
1745751797819 0.2545120418071747 16000
1745751805701 0.2536051571369171 16020
1745751813936 0.3025798201560974 16040
1745751821539 0.2633407711982727 16060
1745751830652 0.2987179756164551 16080
1745751839224 0.25969991087913513 16100
1745751848451 0.2307147979736328 16120
1745751855492 0.28448784351348877 16140
1745751864067 0.22861003875732422 16160
1745751872274 0.3771466314792633 16180
1745751880730 0.26120030879974365 16200
1745751890176 0.314959317445755 16220
1745751898589 0.2983449101448059 16240
1745751907534 0.24914905428886414 16260
1745751916174 0.22000175714492798 16280
1745751924308 0.2332395613193512 16300
1745751933768 0.27964362502098083 16320
1745751941905 0.27760523557662964 16340
1745751950180 0.3167746067047119 16360
1745751959439 0.22318869829177856 16380
1745751967804 0.25877290964126587 16400
1745751975858 0.25559449195861816 16420
1745751984375 0.28174078464508057 16440
1745751992975 0.2916948199272156 16460
1745752003097 0.2583242654800415 16480
1745752010148 0.2661740779876709 16500
1745752020409 0.26621946692466736 16520
1745752028173 0.21816927194595337 16540
1745752035489 0.34160512685775757 16560
1745752044324 0.2158355563879013 16580
1745752052966 0.25813210010528564 16600
1745752062327 0.3075072169303894 16620
1745752071149 0.2711877226829529 16640
1745752079159 0.2704089283943176 16660
1745752087513 0.26758337020874023 16680
1745752095707 0.2876569926738739 16700
1745752104109 0.28251883387565613 16720
1745752113143 0.26989373564720154 16740
1745752120733 0.2574605941772461 16760
1745752129932 0.3260728120803833 16780
1745752137518 0.3177446126937866 16800
1745752146556 0.3041412830352783 16820
1745752155396 0.2890567183494568 16840
1745752164078 0.239772230386734 16860
1745752171645 0.2309981733560562 16880
1745752180664 0.23031258583068848 16900
1745752189589 0.2944018542766571 16920
1745752197671 0.2275002896785736 16940
1745752205489 0.30558037757873535 16960
1745752214886 0.2270643264055252 16980
1745752222554 0.26302850246429443 17000
1745752231742 0.24698644876480103 17020
1745752239480 0.2548171281814575 17040
1745752248497 0.2910677492618561 17060
1745752257973 0.3122636675834656 17080
1745752265724 0.3560068607330322 17100
1745752273722 0.277279794216156 17120
1745752283233 0.32341545820236206 17140
1745752290685 0.2855440378189087 17160
1745752300383 0.29655343294143677 17180
1745752308489 0.20390358567237854 17200
1745752317312 0.33766114711761475 17220
1745752323630 0.33551496267318726 17240
1745752333669 0.3168599009513855 17260
1745752342703 0.20038267970085144 17280
1745752349740 0.23102019727230072 17300
1745752357718 0.39572569727897644 17320
1745752366332 0.2578216791152954 17340
1745752375492 0.21764323115348816 17360
1745752383641 0.2682700455188751 17380
1745752392019 0.24934011697769165 17400
1745752400282 0.33810168504714966 17420
1745752407623 0.3313606381416321 17440
1745752416522 0.22870126366615295 17460
1745752425475 0.26109614968299866 17480
1745752433265 0.2567206919193268 17500
1745752442224 0.3055019974708557 17520
1745752451372 0.22818607091903687 17540
1745752459033 0.31804829835891724 17560
1745752466909 0.2665647864341736 17580
1745752475542 0.20450866222381592 17600
1745752485141 0.20051628351211548 17620
1745752493029 0.2567228078842163 17640
1745752502228 0.25997111201286316 17660
1745752511554 0.26942524313926697 17680
1745752519734 0.37970882654190063 17700
1745752526939 0.3159245252609253 17720
1745752535916 0.25362253189086914 17740
1745752544953 0.29847076535224915 17760
1745752552245 0.22267931699752808 17780
1745752561627 0.3302420377731323 17800
1745752570241 0.276557594537735 17820
1745752578465 0.2483615279197693 17840
1745752586824 0.3229684829711914 17860
1745752594755 0.25926822423934937 17880
1745752604581 0.3609427213668823 17900
1745752612743 0.2566676735877991 17920
1745752620898 0.2849191129207611 17940
1745752630003 0.2516127824783325 17960
1745752637718 0.26460784673690796 17980
1745752646902 0.29728737473487854 18000
1745752654206 0.1955699920654297 18020
1745752663045 0.21174468100070953 18040
1745752672512 0.27318960428237915 18060
1745752680482 0.26677918434143066 18080
1745752687736 0.3100149631500244 18100
1745752696091 0.29109132289886475 18120
1745752705657 0.3024270534515381 18140
1745752713468 0.2666754126548767 18160
1745752721098 0.25355085730552673 18180
1745752730339 0.2810775935649872 18200
1745752738299 0.2530941665172577 18220
1745752745193 0.23103946447372437 18240
1745752756135 0.27570414543151855 18260
1745752764829 0.1923520565032959 18280
1745752772661 0.2503838539123535 18300
1745752781112 0.22968971729278564 18320
1745752789897 0.2994583547115326 18340
1745752798291 0.18393319845199585 18360
1745752805400 0.25112831592559814 18380
1745752814026 0.28229427337646484 18400
1745752823604 0.2109583616256714 18420
1745752832345 0.3068970739841461 18440
1745752839593 0.3064171075820923 18460
1745752849011 0.3492986559867859 18480
1745752858265 0.23268112540245056 18500
1745752865560 0.22522151470184326 18520
1745752874694 0.2034093290567398 18540
1745752883981 0.2110222429037094 18560
1745752892278 0.2070157527923584 18580
1745752899987 0.23434829711914062 18600
1745752907622 0.2694863975048065 18620
1745752917098 0.26282620429992676 18640
1745752924943 0.3381896913051605 18660
1745752934121 0.3546965718269348 18680
1745752942793 0.29490572214126587 18700
1745752950922 0.27628204226493835 18720
1745752959223 0.3090229332447052 18740
1745752967613 0.25649043917655945 18760
1745752974946 0.22125771641731262 18780
1745752983958 0.29931125044822693 18800
1745752993098 0.30337265133857727 18820
1745753000552 0.22526070475578308 18840
1745753009658 0.3081420958042145 18860
1745753016618 0.2638019025325775 18880
1745753026960 0.37439724802970886 18900
1745753034885 0.265962690114975 18920
1745753043744 0.3012147545814514 18940
1745753052268 0.3039870262145996 18960
1745753059051 0.24165306985378265 18980
1745753067451 0.29693952202796936 19000
1745753076596 0.27179446816444397 19020
1745753085514 0.24421703815460205 19040
1745753093689 0.17010939121246338 19060
1745753102499 0.29808908700942993 19080
1745753111603 0.29156893491744995 19100
1745753120067 0.26292675733566284 19120
1745753128947 0.19944804906845093 19140
1745753137831 0.2514379024505615 19160
1745753146489 0.2567620277404785 19180
1745753153397 0.2923845648765564 19200
1745753162920 0.22530266642570496 19220
1745753170906 0.16012050211429596 19240
1745753180038 0.20325854420661926 19260
1745753189190 0.3096346855163574 19280
1745753196496 0.23732058703899384 19300
1745753206229 0.3337790071964264 19320
1745753215319 0.21871642768383026 19340
1745753223415 0.22343237698078156 19360
1745753230506 0.23542436957359314 19380
1745753240625 0.25825223326683044 19400
1745753249212 0.3275681138038635 19420
1745753255924 0.2752574682235718 19440
1745753266118 0.22706028819084167 19460
1745753274892 0.32552605867385864 19480
1745753281872 0.34203577041625977 19500
1745753290367 0.22888024151325226 19520
1745753299160 0.2043335884809494 19540
1745753307634 0.2042122483253479 19560
1745753318288 0.22349724173545837 19580
1745753326519 0.2263219654560089 19600
1745753334786 0.14966776967048645 19620
1745753343427 0.17304392158985138 19640
1745753350907 0.3099433183670044 19660
1745753359557 0.24999484419822693 19680
1745753369155 0.2513590157032013 19700
1745753377040 0.23290640115737915 19720
1745753385737 0.22827216982841492 19740
1745753394701 0.20321643352508545 19760
1745753402044 0.33433637022972107 19780
1745753411177 0.2067987620830536 19800
1745753419776 0.2527550756931305 19820
1745753430185 0.24513612687587738 19840
1745753438310 0.31301629543304443 19860
1745753446971 0.25766676664352417 19880
1745753455238 0.2517731189727783 19900
1745753463498 0.2519128918647766 19920
1745753472380 0.3196566700935364 19940
1745753482140 0.2722610831260681 19960
1745753490122 0.33489105105400085 19980
1745753499229 0.3964797556400299 20000
1745753509927 0.2326371967792511 20020
1745753517996 0.3038954734802246 20040
1745753525862 0.27034589648246765 20060
1745753534792 0.28368446230888367 20080
1745753543504 0.26251649856567383 20100
1745753551802 0.23280999064445496 20120
1745753561313 0.26768380403518677 20140
1745753568537 0.3031746745109558 20160
1745753578180 0.22698566317558289 20180
1745753587519 0.2950819134712219 20200
1745753596322 0.3067449629306793 20220
1745753604917 0.24059292674064636 20240
1745754807388 0.22729289531707764 20260
1745754816219 0.25545814633369446 20280
1745754825292 0.2617883086204529 20300
1745754834590 0.3163524270057678 20320
1745754844725 0.27426978945732117 20340
1745754853285 0.28897416591644287 20360
1745754862817 0.22678004205226898 20380
1745754872886 0.2579682469367981 20400
1745754882310 0.35334378480911255 20420
1745754890416 0.2911662459373474 20440
1745754899515 0.15925922989845276 20460
1745754909537 0.360488623380661 20480
1745754919100 0.2679286003112793 20500
1745754928703 0.24724069237709045 20520
1745754938518 0.24511723220348358 20540
1745754947457 0.2928352653980255 20560
1745754954859 0.2027297168970108 20580
1745754965634 0.27408695220947266 20600
1745754974000 0.23397263884544373 20620
1745754984678 0.23272347450256348 20640
1745754993375 0.25376537442207336 20660
1745755003603 0.1941651999950409 20680
1745755010742 0.3274906575679779 20700
1745755020558 0.2561527192592621 20720
1745755031562 0.2550451159477234 20740
1745755041241 0.28181391954421997 20760
1745755049823 0.2626951038837433 20780
1745755058593 0.18441925942897797 20800
1745755067949 0.320309579372406 20820
1745755077832 0.20169803500175476 20840
1745755084882 0.2776165008544922 20860
1745755097152 0.28964972496032715 20880
1745755106332 0.2004716694355011 20900
1745755115353 0.2585265636444092 20920
1745755125233 0.27123093605041504 20940
1745755134279 0.29420411586761475 20960
1745755144010 0.13886526226997375 20980
1745755151948 0.2285744547843933 21000
1745755162771 0.34323787689208984 21020
1745755172540 0.3200712203979492 21040
1745755182013 0.1825770139694214 21060
1745755191056 0.25508517026901245 21080
1745755200669 0.23710572719573975 21100
1745755209558 0.27521181106567383 21120
1745755218511 0.2230619341135025 21140
1745755228755 0.25318121910095215 21160
1745755237716 0.27304181456565857 21180
1745755245878 0.28017905354499817 21200
1745755255185 0.21606378257274628 21220
1745755264433 0.21252241730690002 21240
1745755275091 0.18225771188735962 21260
1745755284267 0.24126756191253662 21280
1745755293968 0.2235749363899231 21300
1745755302872 0.24174907803535461 21320
1745755311475 0.16114984452724457 21340
1745755322579 0.2500911056995392 21360
1745755332059 0.3112543225288391 21380
1745755341171 0.24848490953445435 21400
1745755350991 0.1853560507297516 21420
1745755359401 0.2707633674144745 21440
1745755369476 0.2438032329082489 21460
1745755378002 0.2319686859846115 21480
1745755388565 0.3517029285430908 21500
1745755398107 0.44134002923965454 21520
1745755405567 0.2405168116092682 21540
1745755415610 0.2913150191307068 21560
1745755425075 0.3048568069934845 21580
1745755435849 0.1770818680524826 21600
1745755444761 0.302890807390213 21620
1745755453208 0.2343275547027588 21640
1745755464007 0.2564343512058258 21660
1745755471908 0.27990221977233887 21680
1745755481508 0.1714617908000946 21700
1745755491390 0.2550021708011627 21720
1745755500249 0.47867467999458313 21740
1745755510684 0.3250480890274048 21760
1745755519318 0.2834063768386841 21780
1745755530604 0.2389209270477295 21800
1745755539874 0.27753615379333496 21820
1745755549111 0.22445911169052124 21840
1745755558009 0.33696189522743225 21860
1745755567952 0.2884146571159363 21880
1745755577062 0.30504274368286133 21900
1745755587641 0.26013410091400146 21920
1745755597040 0.22330568730831146 21940
1745755605941 0.2605763077735901 21960
1745755614497 0.24446357786655426 21980
1745755624236 0.2681136429309845 22000
1745755634750 0.34858372807502747 22020
1745755644120 0.2332904040813446 22040
1745755653072 0.21265584230422974 22060
1745755661437 0.3194185495376587 22080
1745755672354 0.2259674370288849 22100
1745755681726 0.24566344916820526 22120
1745755689617 0.2450813204050064 22140
1745755700978 0.19087255001068115 22160
1745755711116 0.38011083006858826 22180
1745755720411 0.22831207513809204 22200
1745755729921 0.2462916374206543 22220
1745755738638 0.24156422913074493 22240
1745755749096 0.29829710721969604 22260
1745755758297 0.24972951412200928 22280
1745755766179 0.21834716200828552 22300
1745755776746 0.19876135885715485 22320
1745755784474 0.21574252843856812 22340
1745755794719 0.269979864358902 22360
1745755804876 0.19611212611198425 22380
1745755814764 0.32760459184646606 22400
1745755824142 0.25881558656692505 22420
1745755832710 0.23699244856834412 22440
1745755843121 0.27461203932762146 22460
1745755852590 0.20696410536766052 22480
1745755861479 0.17599985003471375 22500
1745755871215 0.3166210651397705 22520
1745755880894 0.2094433754682541 22540
1745755889867 0.2870650291442871 22560
1745755899629 0.24780362844467163 22580
1745755908692 0.19141733646392822 22600
1745755917752 0.20332233607769012 22620
1745755926543 0.2872065603733063 22640
1745755937546 0.23389920592308044 22660
1745755946655 0.2621997892856598 22680
1745755956019 0.31922098994255066 22700
1745755965013 0.22460970282554626 22720
1745755973890 0.31895312666893005 22740
1745755982853 0.19634467363357544 22760
1745755992061 0.28370171785354614 22780
1745756002852 0.32990989089012146 22800
1745756011413 0.25233983993530273 22820
1745756021338 0.2702639102935791 22840
1745756030165 0.2542862296104431 22860
1745756039615 0.40450137853622437 22880
1745756049811 0.23417985439300537 22900
1745756059522 0.20800328254699707 22920
1745756067313 0.30747053027153015 22940
1745756077160 0.25740164518356323 22960
1745756086309 0.28835082054138184 22980
1745756097077 0.2360018640756607 23000
1745756104471 0.3586048483848572 23020
1745756114304 0.2180211842060089 23040
1745756124649 0.22466349601745605 23060
1745756132958 0.2033892273902893 23080
1745756142889 0.23749560117721558 23100
1745756152626 0.2661793529987335 23120
1745756161332 0.2020639330148697 23140
1745756169557 0.2894695997238159 23160
1745756178573 0.17606650292873383 23180
1745756188754 0.21695652604103088 23200
1745756198371 0.2790765166282654 23220
1745756206780 0.19700095057487488 23240
1745756216587 0.23040589690208435 23260
1745756225780 0.1833445131778717 23280
1745756235841 0.2102241814136505 23300
1745756246300 0.2946806848049164 23320
1745756255363 0.22559112310409546 23340
1745756263919 0.26463332772254944 23360
1745756272350 0.2609592080116272 23380
1745756283105 0.2117047756910324 23400
1745756292086 0.17721009254455566 23420
1745756301398 0.2762945294380188 23440
1745756311764 0.24679602682590485 23460
1745756320612 0.31548380851745605 23480
1745756331001 0.29620906710624695 23500
1745756340243 0.2513122856616974 23520
1745756350207 0.23298294842243195 23540
1745756359226 0.25048303604125977 23560
1745756368090 0.35857486724853516 23580
1745756377266 0.23195737600326538 23600
1745756385958 0.28786128759384155 23620
1745756395681 0.1700878143310547 23640
1745756404631 0.26768094301223755 23660
1745756414524 0.27060437202453613 23680
1745756424790 0.2228545844554901 23700
1745756434179 0.3058778941631317 23720
1745756442334 0.18675483763217926 23740
1745756451850 0.2636750638484955 23760
1745756461425 0.18402361869812012 23780
1745756471472 0.23890598118305206 23800
1745756479835 0.27509987354278564 23820
1745756489218 0.2203291356563568 23840
1745756499597 0.23860952258110046 23860
1745756508294 0.24498358368873596 23880
1745756517422 0.26031652092933655 23900
1745756528056 0.23572000861167908 23920
1745756536510 0.33643847703933716 23940
1745756547152 0.2009325474500656 23960
1745756556592 0.2300022840499878 23980
1745756565569 0.2193818986415863 24000
1745756574841 0.27816537022590637 24020
1745756584313 0.2928442358970642 24040
1745756593823 0.2658081650733948 24060
1745756604189 0.255055695772171 24080
1745756611714 0.2675095200538635 24100
1745756621650 0.21207699179649353 24120
1745756630257 0.18073022365570068 24140
1745756641249 0.23836511373519897 24160
1745756649254 0.19854453206062317 24180
1745756659872 0.3907691240310669 24200
1745756668399 0.34212490916252136 24220
1745756678747 0.21748897433280945 24240
1745756687315 0.25038671493530273 24260
1745756696428 0.1836378574371338 24280
1745756706393 0.24290117621421814 24300
1745756715055 0.23356860876083374 24320
1745756724845 0.20726028084754944 24340
1745756735029 0.22898027300834656 24360
1745756744422 0.2549589276313782 24380
1745756753826 0.19502724707126617 24400
1745756762217 0.2897179424762726 24420
1745756771808 0.2968754172325134 24440
1745756781977 0.2455635964870453 24460
1745756791658 0.25951841473579407 24480
1745756800980 0.24949783086776733 24500
1745756810376 0.21877646446228027 24520
1745756820193 0.24646997451782227 24540
1745756830364 0.3517681360244751 24560
1745756839239 0.18888500332832336 24580
1745756848902 0.1930777132511139 24600
1745756857705 0.27112695574760437 24620
1745756867233 0.23197101056575775 24640
1745756876178 0.2685299515724182 24660
1745756885670 0.2989717125892639 24680
1745756893954 0.1632579118013382 24700
1745756905765 0.24999289214611053 24720
1745756914509 0.31565821170806885 24740
1745756923889 0.26294031739234924 24760
1745756932821 0.2759125232696533 24780
1745756942314 0.2316652238368988 24800
1745756951459 0.21743303537368774 24820
1745756961772 0.22325395047664642 24840
1745756970365 0.24666646122932434 24860
1745756979810 0.1766444444656372 24880
1745756989774 0.27909064292907715 24900
1745756999985 0.16103880107402802 24920
1745757009025 0.28572970628738403 24940
1745757018899 0.26176193356513977 24960
1745757028537 0.2231672704219818 24980
1745757037590 0.29341748356819153 25000
1745757046961 0.21788275241851807 25020
1745757057416 0.2901294231414795 25040
1745757067427 0.2920762896537781 25060
1745757075645 0.23005084693431854 25080
1745757086528 0.22665920853614807 25100
1745757096860 0.22488614916801453 25120
1745757105352 0.25142449140548706 25140
1745757115682 0.30468669533729553 25160
1745757125440 0.21459129452705383 25180
1745757133281 0.16319195926189423 25200
1745757144329 0.21951591968536377 25220
1745757153118 0.25987833738327026 25240
1745757163282 0.34437504410743713 25260
1745757173004 0.19438834488391876 25280
1745757181700 0.21652939915657043 25300
1745757190367 0.22628849744796753 25320
1745757201094 0.26182788610458374 25340
1745757211828 0.27653056383132935 25360
1745757220115 0.21472971141338348 25380
1745757230005 0.29595109820365906 25400
1745757238795 0.26895081996917725 25420
1745757249563 0.2689321041107178 25440
1745757258895 0.24045446515083313 25460
1745757268700 0.31747469305992126 25480
1745757277172 0.2475060224533081 25500
1745757288033 0.23195458948612213 25520
1745757296731 0.23412761092185974 25540
1745757305344 0.306390643119812 25560
1745757314879 0.16674169898033142 25580
1745757325108 0.2335740029811859 25600
1745757334171 0.2915744185447693 25620
1745757344383 0.2854729890823364 25640
1745757353018 0.20239712297916412 25660
1745757363543 0.23208515346050262 25680
1745757372818 0.2199183702468872 25700
1745757382384 0.2828061580657959 25720
1745757392382 0.28823697566986084 25740
1745757401842 0.28169381618499756 25760
1745757410542 0.2054685354232788 25780
1745757420635 0.20930245518684387 25800
1745757430234 0.2394096404314041 25820
1745757438870 0.16653504967689514 25840
1745757449215 0.27726325392723083 25860
1745757458333 0.17819172143936157 25880
1745757467439 0.23194769024848938 25900
1745757476582 0.20347867906093597 25920
1745757486563 0.2406877875328064 25940
1745757496132 0.18185772001743317 25960
1745757505618 0.2533414661884308 25980
1745757515883 0.16374936699867249 26000
1745757525177 0.21417568624019623 26020
1745757534673 0.2548125386238098 26040
1745757544266 0.2134411633014679 26060
1745757553482 0.25510093569755554 26080
1745757561763 0.1832822859287262 26100
1745757571945 0.2743370532989502 26120
1745757581681 0.20489363372325897 26140
1745757592057 0.3515585660934448 26160
1745757600670 0.24551144242286682 26180
1745757611305 0.23969249427318573 26200
1745757620708 0.276236355304718 26220
1745757629428 0.28695499897003174 26240
1745757638988 0.21370023488998413 26260
1745757648099 0.28144922852516174 26280
1745757657847 0.248826801776886 26300
1745757668046 0.28228479623794556 26320
1745757677446 0.207196444272995 26340
1745757686660 0.2459675669670105 26360
1745757696618 0.1673746407032013 26380
1745757705664 0.3523429036140442 26400
1745757714073 0.2791779339313507 26420
1745757723294 0.2187894880771637 26440
1745757734015 0.22996455430984497 26460
1745757743752 0.22254642844200134 26480
1745757752816 0.24902638792991638 26500
1745757761782 0.22180667519569397 26520
1745757771378 0.20164069533348083 26540
1745757781290 0.16072174906730652 26560
1745757790682 0.18468892574310303 26580
1745757800217 0.2982529401779175 26600
1745757809482 0.2831534743309021 26620
1745757819415 0.1799371838569641 26640
1745757828926 0.24767647683620453 26660
1745757838495 0.28636693954467773 26680
1745757846520 0.16566120088100433 26700
1745757856382 0.2534692883491516 26720
1745757866205 0.23762372136116028 26740
1745757875912 0.2688918113708496 26760
1745757886377 0.26509028673171997 26780
1745757894730 0.2669728994369507 26800
1745757904451 0.267425537109375 26820
1745757914655 0.30619221925735474 26840
1745757924393 0.2514093518257141 26860
1745757933251 0.18576714396476746 26880
1745757943474 0.2740699052810669 26900
1745757953611 0.20626893639564514 26920
1745757961848 0.18120762705802917 26940
1745757971748 0.25052928924560547 26960
1745757980782 0.27129894495010376 26980
1745757990595 0.2241242229938507 27000
1745758000598 0.24765773117542267 27020
1745758009653 0.2103981077671051 27040
1745758019255 0.21939688920974731 27060
1745758028696 0.22860673069953918 27080
1745758038446 0.2482110857963562 27100
1745758047103 0.2504192888736725 27120
1745758055520 0.2748410999774933 27140
1745758065345 0.3330196142196655 27160
1745758074746 0.24987190961837769 27180
1745758084119 0.24033382534980774 27200
1745758093751 0.17753079533576965 27220
1745758102095 0.17284050583839417 27240
1745758112931 0.2576431632041931 27260
1745758122657 0.33884739875793457 27280
1745758132104 0.3278992772102356 27300
1745758139936 0.2657473087310791 27320
1745758151122 0.21225962042808533 27340
1745758160154 0.2802315354347229 27360
1745758169051 0.21481426060199738 27380
1745758180068 0.29169392585754395 27400
1745758189043 0.2622368037700653 27420
1745758198983 0.22295217216014862 27440
1745758208282 0.22329401969909668 27460
1745758218047 0.2561931610107422 27480
1745758227243 0.2628610134124756 27500
1745758234429 0.2596098780632019 27520
1745758245492 0.21737676858901978 27540
1745758253784 0.21049702167510986 27560
1745758261871 0.2012496441602707 27580
1745758272985 0.23267501592636108 27600
1745758282266 0.24962328374385834 27620
1745758290479 0.2504035234451294 27640
1745758300729 0.21273140609264374 27660
1745758310710 0.32418859004974365 27680
1745758320240 0.3021824061870575 27700
1745758329743 0.2398756444454193 27720
1745758339308 0.2189280390739441 27740
1745758348323 0.26075178384780884 27760
1745758357465 0.22263216972351074 27780
1745758367284 0.19253794848918915 27800
1745758376051 0.18537862598896027 27820
1745758385524 0.22732557356357574 27840
1745758393979 0.24106928706169128 27860
1745758403961 0.23146408796310425 27880
1745758412474 0.2373904585838318 27900
1745758423329 0.2490934431552887 27920
1745758432346 0.21132205426692963 27940
1745758442825 0.21511748433113098 27960
1745758451540 0.24392220377922058 27980
1745758461032 0.18696463108062744 28000
1745758470080 0.2178061604499817 28020
1745758480677 0.22310300171375275 28040
1745758489568 0.1746165007352829 28060
1745758498392 0.23011860251426697 28080
1745758507810 0.21430175006389618 28100
1745758518037 0.16281116008758545 28120
1745758528080 0.2382812649011612 28140
1745758535913 0.19554424285888672 28160
1745758547104 0.214155375957489 28180
1745758557453 0.2933436632156372 28200
1745758565723 0.3020508885383606 28220
1745758575820 0.26333725452423096 28240
1745758586103 0.2229876071214676 28260
1745758596529 0.2182759940624237 28280
1745758606138 0.22471827268600464 28300
1745758614834 0.18199549615383148 28320
1745758625925 0.2243099808692932 28340
1745758634880 0.1745937019586563 28360
1745758643395 0.2282576560974121 28380
1745758654556 0.22940614819526672 28400
1745758662438 0.21548587083816528 28420
1745758673808 0.2241552472114563 28440
1745758683436 0.27214258909225464 28460
1745758691734 0.24316373467445374 28480
1745758701611 0.31122806668281555 28500
1745758710608 0.2977170944213867 28520
1745758720528 0.22815050184726715 28540
1745758729398 0.26196080446243286 28560
1745758739169 0.23544055223464966 28580
1745758746985 0.2038719207048416 28600
1745758756717 0.22888672351837158 28620
1745758767477 0.2438010573387146 28640
1745758776521 0.22764673829078674 28660
1745758784930 0.3259303867816925 28680
1745758795020 0.1638418585062027 28700
1745758804122 0.1642467975616455 28720
1745758813744 0.21089136600494385 28740
1745758823255 0.25259923934936523 28760
1745758833004 0.1467074155807495 28780
1745758841956 0.21648183465003967 28800
1745758851781 0.26845037937164307 28820
1745758861451 0.1616237759590149 28840
1745758870220 0.21565288305282593 28860
1745758879719 0.20126666128635406 28880
1745758888836 0.18458205461502075 28900
1745758898779 0.3394466042518616 28920
1745758908833 0.12724736332893372 28940
1745758918232 0.2549903392791748 28960
1745758926842 0.36449187994003296 28980
1745758936928 0.25143304467201233 29000
1745758947158 0.155739426612854 29020
1745758956795 0.1771969497203827 29040
1745758966123 0.24184057116508484 29060
1745758974854 0.2697051465511322 29080
1745758984040 0.19276319444179535 29100
1745758992296 0.1910209357738495 29120
1745759002000 0.2433185577392578 29140
1745759011623 0.2524714171886444 29160
1745759022048 0.13754157721996307 29180
1745759030052 0.2254699170589447 29200
1745759040606 0.23515045642852783 29220
1745759049641 0.18884404003620148 29240
1745759058959 0.2827377915382385 29260
1745759067557 0.21063083410263062 29280
1745759077604 0.21154236793518066 29300
1745759086395 0.13296328485012054 29320
1745759095948 0.29466599225997925 29340
1745759106809 0.25614237785339355 29360
1745759113953 0.2709588408470154 29380
1745759123198 0.21443261206150055 29400
1745759134026 0.23009057343006134 29420
1745759143958 0.1691036820411682 29440
1745759153235 0.21624186635017395 29460
1745759162823 0.28743797540664673 29480
1745759172120 0.2760007381439209 29500
1745759182232 0.16683709621429443 29520
1745759191849 0.3255577087402344 29540
1745759199872 0.31694480776786804 29560
1745759210815 0.3001667857170105 29580
1745759220117 0.2267753779888153 29600
1745759229775 0.24733740091323853 29620
1745759239735 0.1976965367794037 29640
1745759247884 0.22518254816532135 29660
1745759258137 0.2634851932525635 29680
1745759268222 0.1833997219800949 29700
1745759277861 0.23678997159004211 29720
1745759286210 0.2581866681575775 29740
1745759297208 0.16668763756752014 29760
1745759306081 0.23504868149757385 29780
1745759314809 0.22594836354255676 29800
1745759323045 0.2174919694662094 29820
1745759333276 0.17770013213157654 29840
1745759342881 0.3041037917137146 29860
1745759352189 0.23109762370586395 29880
1745759362840 0.1994558572769165 29900
1745759371543 0.21222105622291565 29920
1745759381475 0.25358474254608154 29940
1745759391357 0.1899571418762207 29960
1745759399475 0.33799421787261963 29980
1745759409526 0.18922556936740875 30000
1745759421521 0.21921846270561218 30020
1745759429999 0.22047878801822662 30040
1745759439170 0.1676487922668457 30060
1745759449731 0.26954329013824463 30080
1745759460243 0.257179319858551 30100
1745759468398 0.23686817288398743 30120
1745759479031 0.40813809633255005 30140
1745759487806 0.23085519671440125 30160
1745759497159 0.2696942389011383 30180
1745759507313 0.16770794987678528 30200
1745759516965 0.2574000358581543 30220
1745759526945 0.21542143821716309 30240
1745759536009 0.23467467725276947 30260
1745759544955 0.2502773106098175 30280
1745759555016 0.1871882975101471 30300
1745759565167 0.21740293502807617 30320
1745759574106 0.24215929210186005 30340
1745759584270 0.1806739717721939 30360
1745759592672 0.18134556710720062 30380
1745759602483 0.20304831862449646 30400
1745759612205 0.24717000126838684 30420
1745759622090 0.2447693943977356 30440
1745759630652 0.2618294954299927 30460
1745759640642 0.21633855998516083 30480
1745759649260 0.22920429706573486 30500
1745759658635 0.22404202818870544 30520
1745759667376 0.15067631006240845 30540
1745759677733 0.1919788122177124 30560
1745759687010 0.2116597443819046 30580
1745759697154 0.2708280086517334 30600
1745759705348 0.2341436743736267 30620
1745759715593 0.2036665380001068 30640
1745759723825 0.37771686911582947 30660
1745759734298 0.15837381780147552 30680
1745759744031 0.23339387774467468 30700
1745759753628 0.22652602195739746 30720
1745759763208 0.18461933732032776 30740
1745759772113 0.24413490295410156 30760
1745759782205 0.24543602764606476 30780
1745759791947 0.2551424503326416 30800
1745759800600 0.182892844080925 30820
1745759810905 0.20221595466136932 30840
1745759819359 0.253368616104126 30860
1745759829321 0.16817544400691986 30880
1745759837966 0.22932207584381104 30900
1745759848486 0.23718442022800446 30920
1745759856768 0.2552667260169983 30940
1745759868288 0.2895505428314209 30960
1745759876445 0.20218484103679657 30980
1745759886776 0.33455681800842285 31000
1745759896007 0.24272380769252777 31020
1745759905087 0.24269479513168335 31040
1745759915294 0.24533440172672272 31060
1745759925296 0.2190808653831482 31080
1745759933227 0.2692181468009949 31100
1745759944189 0.22528797388076782 31120
1745759952529 0.23256559669971466 31140
1745759962853 0.1645709127187729 31160
1745759972473 0.20831942558288574 31180
1745759980480 0.201574444770813 31200
1745759990803 0.2923440933227539 31220
1745760000696 0.18525949120521545 31240
1745760010884 0.28410467505455017 31260
1745760019827 0.18845798075199127 31280
1745760028609 0.2750306725502014 31300
1745760038369 0.2112870216369629 31320
1745760048244 0.19332003593444824 31340
1745760058783 0.2255149930715561 31360
1745760068101 0.25328153371810913 31380
1745760077990 0.19572177529335022 31400
1745760087921 0.17129634320735931 31420
1745760097970 0.20266129076480865 31440
1745760107714 0.20388832688331604 31460
1745760115791 0.21117177605628967 31480
1745760127115 0.17522543668746948 31500
1745760135765 0.26922619342803955 31520
1745760145254 0.22403311729431152 31540
1745760155640 0.17634131014347076 31560
1745760164926 0.19066128134727478 31580
1745760173372 0.17091166973114014 31600
1745760183011 0.2083963304758072 31620
1745760193157 0.2680825889110565 31640
1745760203594 0.16062763333320618 31660
1745760213101 0.20638102293014526 31680
1745760221705 0.25663238763809204 31700
1745760231878 0.25882744789123535 31720
1745760241093 0.23281803727149963 31740
1745760251432 0.25347059965133667 31760
1745760259906 0.2623292803764343 31780
1745760269392 0.21068479120731354 31800
1745760280482 0.2455795407295227 31820
1745760289159 0.25315484404563904 31840
1745760299247 0.2289852499961853 31860
1745760310265 0.16496676206588745 31880
1745760318950 0.20746198296546936 31900
1745760328601 0.2585650384426117 31920
1745760337947 0.24438227713108063 31940
1745760348632 0.2236093282699585 31960
1745760357514 0.2116900384426117 31980
1745760368078 0.21086780726909637 32000
1745760377025 0.2525503635406494 32020
1745760385382 0.20360535383224487 32040
1745760395108 0.1837659478187561 32060
1745760404911 0.19359299540519714 32080
1745760414778 0.2637219727039337 32100
1745760424747 0.2182481437921524 32120
1745760434658 0.1706119030714035 32140
1745760442598 0.2235907018184662 32160
1745760452135 0.26236897706985474 32180
1745760462526 0.22964048385620117 32200
1745760471880 0.3091612160205841 32220
1745760481858 0.2341373860836029 32240
1745760491289 0.2799091041088104 32260
1745760501365 0.3104400336742401 32280
1745760511569 0.2537655234336853 32300
1745760519833 0.18445748090744019 32320
1745760530714 0.1459534466266632 32340
1745760540160 0.22234375774860382 32360
1745760547642 0.19574955105781555 32380
1745760558697 0.2949976623058319 32400
1745760567558 0.2335602045059204 32420
1745760578064 0.1960718184709549 32440
1745760586497 0.24266192317008972 32460
1745760596348 0.23032191395759583 32480
1745760606869 0.16135746240615845 32500
1745760616299 0.2270304262638092 32520
1745760625108 0.307135671377182 32540
1745760634861 0.19737307727336884 32560
1745760643113 0.16747425496578217 32580
1745760653470 0.2836945354938507 32600
1745760662410 0.27172720432281494 32620
1745760671572 0.24783265590667725 32640
1745760681131 0.18276090919971466 32660
1745760691156 0.28383636474609375 32680
1745760699951 0.2568260133266449 32700
1745760708669 0.19616788625717163 32720
1745760718608 0.16769453883171082 32740
1745760727909 0.25826892256736755 32760
1745760738562 0.1713164746761322 32780
1745760747471 0.21005070209503174 32800
1745760756747 0.19939106702804565 32820
1745760767860 0.19208312034606934 32840
1745760776003 0.2675475478172302 32860
1745760785404 0.24694214761257172 32880
1745760796105 0.1880478858947754 32900
1745760805887 0.3004549443721771 32920
1745760813464 0.2195720672607422 32940
1745760823297 0.18902523815631866 32960
1745760833291 0.19120559096336365 32980
1745760843730 0.17681336402893066 33000
1745760852036 0.24135902523994446 33020
1745760861915 0.2747650742530823 33040
1745760871817 0.25425606966018677 33060
1745760881279 0.24974587559700012 33080
1745760890928 0.18846052885055542 33100
1745760900396 0.1712324619293213 33120
1745760909688 0.21685323119163513 33140
1745760918109 0.1365574598312378 33160
1745760927978 0.24815788865089417 33180
1745760937751 0.21818992495536804 33200
1745760947631 0.2825515866279602 33220
1745760957289 0.26857948303222656 33240
1745760966591 0.22425201535224915 33260
1745760976591 0.20936086773872375 33280
1745760986350 0.22646304965019226 33300
1745760996094 0.22173932194709778 33320
1745761005207 0.22759902477264404 33340
1745761014778 0.18636296689510345 33360
1745761023334 0.21657568216323853 33380
1745761033868 0.29573535919189453 33400
1745761043180 0.29257655143737793 33420
1745761052840 0.21349412202835083 33440
1745761061254 0.2059735208749771 33460
1745761072147 0.1465715765953064 33480
1745761080088 0.2167525589466095 33500
1745761090077 0.16848613321781158 33520
1745761099716 0.22535057365894318 33540
1745761108609 0.27617815136909485 33560
1745761118867 0.27178698778152466 33580
1745761128762 0.27893364429473877 33600
1745761136319 0.17739292979240417 33620
1745761147048 0.23070672154426575 33640
1745761157043 0.17278027534484863 33660
1745761165441 0.22097067534923553 33680
1745761176078 0.17222268879413605 33700
1745761184595 0.2358492761850357 33720
1745761194554 0.18833202123641968 33740
1745761202953 0.24538223445415497 33760
1745761213640 0.2681807279586792 33780
1745761223304 0.3158855438232422 33800
1745761232365 0.1689605712890625 33820
1745761242050 0.21946468949317932 33840
1745761251040 0.20672528445720673 33860
1745761261093 0.16325952112674713 33880
1745761270590 0.2501208782196045 33900
1745761279004 0.20879073441028595 33920
1745761290095 0.2846270203590393 33940
1745761297362 0.16970914602279663 33960
1745761307309 0.2564556300640106 33980
1745761317545 0.26453903317451477 34000
1745761327926 0.1852390468120575 34020
1745761337278 0.26512330770492554 34040
1745761345262 0.1701330840587616 34060
1745761354971 0.2838417589664459 34080
1745761364759 0.24375498294830322 34100
1745761375157 0.1692415475845337 34120
1745761384819 0.2507271468639374 34140
1745761392963 0.22910884022712708 34160
1745761403821 0.18662551045417786 34180
1745761412505 0.19617781043052673 34200
1745761423138 0.20853084325790405 34220
1745761432071 0.24897924065589905 34240
1745761440329 0.2627478837966919 34260
1745761451097 0.17457452416419983 34280
1745761461342 0.23478743433952332 34300
1745761470141 0.18064898252487183 34320
1745761480289 0.23610298335552216 34340
1745761489685 0.20821839570999146 34360
1745761498235 0.14149785041809082 34380
1745761507616 0.17568275332450867 34400
1745761517456 0.2009676992893219 34420
1745761527124 0.17750336229801178 34440
1745761537864 0.23022639751434326 34460
1745761547397 0.24397145211696625 34480
1745761556824 0.19664770364761353 34500
1745761564302 0.21366971731185913 34520
1745761575793 0.14809471368789673 34540
1745761585027 0.19047540426254272 34560
1745761593820 0.17921052873134613 34580
1745761605946 0.19494792819023132 34600
1745761614354 0.2136673927307129 34620
1745761624484 0.1918717622756958 34640
1745761634870 0.24194245040416718 34660
1745761646337 0.23489950597286224 34680
