1745745154934 1.9854381084442139 20
1745745162383 2.5963034629821777 40
1745745169341 4.148492813110352 60
1745745177323 4.717956066131592 80
1745745184553 5.444941997528076 100
1745745190424 4.960679531097412 120
1745745199458 7.38759708404541 140
1745745205636 6.931705474853516 160
1745745212954 7.593198776245117 180
1745745221435 11.041862487792969 200
1745745228626 10.460746765136719 220
1745745235705 10.853679656982422 240
1745745243846 10.321211814880371 260
1745745250417 10.385950088500977 280
1745745257944 10.033602714538574 300
1745745264211 13.324055671691895 320
1745745272769 11.764495849609375 340
1745745281162 11.23862075805664 360
1745745288564 12.495170593261719 380
1745745295581 11.061812400817871 400
1745745303512 14.660892486572266 420
1745745310823 10.667390823364258 440
1745745317422 12.769660949707031 460
1745745326370 15.023731231689453 480
1745745333060 14.992156982421875 500
1745745342229 21.03350830078125 520
1745745349174 14.63202953338623 540
1745745356296 16.982086181640625 560
1745745364307 20.369037628173828 580
1745745372343 17.89240837097168 600
1745745379685 13.724811553955078 620
1745745388014 19.30331802368164 640
1745745395780 17.95415687561035 660
1745745403096 15.016879081726074 680
1745745411358 19.833728790283203 700
1745745417194 19.695890426635742 720
1745745425573 22.045551300048828 740
1745745433077 16.577289581298828 760
1745745442153 16.224498748779297 780
1745745448488 16.619461059570312 800
1745745455740 18.915910720825195 820
1745745463059 17.462617874145508 840
1745745472291 26.977691650390625 860
1745745480052 16.38593292236328 880
1745745487934 26.471954345703125 900
1745745494866 21.333120346069336 920
1745745502715 15.874823570251465 940
1745745509818 20.35871124267578 960
1745745518023 23.06797981262207 980
1745745526027 18.229957580566406 1000
1745745534707 23.000118255615234 1020
1745745541830 22.747806549072266 1040
1745745548953 18.14313316345215 1060
1745745556881 19.114702224731445 1080
1745745564080 26.353416442871094 1100
1745745573721 19.508052825927734 1120
1745745581871 21.009492874145508 1140
1745745589938 23.031822204589844 1160
1745745596890 15.825212478637695 1180
1745745603815 23.137859344482422 1200
1745745612473 21.503681182861328 1220
1745745621239 17.491992950439453 1240
1745745628635 22.292137145996094 1260
1745745637618 23.67011833190918 1280
1745745645549 28.175735473632812 1300
1745745651713 25.97264289855957 1320
1745745659857 19.948612213134766 1340
1745745667495 19.678373336791992 1360
1745745674395 27.866958618164062 1380
1745745684211 20.00722885131836 1400
1745745691909 22.66829490661621 1420
1745745699105 19.990482330322266 1440
1745745707001 27.281797409057617 1460
1745745715125 28.51844024658203 1480
1745745722638 17.232240676879883 1500
1745745729981 22.109088897705078 1520
1745745737778 17.53718376159668 1540
1745745746193 23.29364776611328 1560
1745745753611 19.969581604003906 1580
1745745760800 25.30522918701172 1600
1745745769251 20.759775161743164 1620
1745745776874 23.87632179260254 1640
1745745785488 26.925281524658203 1660
1745745792408 23.148605346679688 1680
1745745800919 22.35137176513672 1700
1745745808564 23.542133331298828 1720
1745745817103 24.32464599609375 1740
1745745825093 27.502748489379883 1760
1745745832863 31.003822326660156 1780
1745745841414 28.05810546875 1800
1745745848834 28.057058334350586 1820
1745745855709 30.025955200195312 1840
1745745864150 29.438899993896484 1860
1745745872537 30.813770294189453 1880
1745745879380 23.81407928466797 1900
1745745888331 27.350784301757812 1920
1745745896191 21.475828170776367 1940
1745745904158 29.741024017333984 1960
1745745912500 27.350902557373047 1980
1745745919841 25.22730255126953 2000
1745745928439 28.846521377563477 2020
1745745936966 29.395084381103516 2040
1745745944615 31.30364990234375 2060
1745745952520 27.7861328125 2080
1745745960774 25.137977600097656 2100
1745745968089 25.819787979125977 2120
1745745975978 30.029020309448242 2140
1745745984446 29.576807022094727 2160
1745745992103 25.08702278137207 2180
1745746000405 20.96814727783203 2200
1745746008579 25.029991149902344 2220
1745746016832 26.411211013793945 2240
1745746025080 32.50897216796875 2260
1745746033674 27.5291805267334 2280
1745746041702 27.553224563598633 2300
1745746048382 27.45901107788086 2320
1745746056292 22.86423110961914 2340
1745746065162 33.59611511230469 2360
1745746072400 27.147167205810547 2380
1745746080999 24.828622817993164 2400
1745746089506 26.62601089477539 2420
1745746097314 24.073999404907227 2440
1745746106415 34.82579040527344 2460
1745746113986 18.84027671813965 2480
1745746121745 36.4825553894043 2500
1745746131047 30.42190933227539 2520
1745746139594 27.19469451904297 2540
1745746147923 37.87032699584961 2560
1745746155536 23.552291870117188 2580
1745746163785 29.527015686035156 2600
1745746171797 37.87710189819336 2620
1745746180511 31.109607696533203 2640
1745746188640 31.281394958496094 2660
1745746197233 25.32383918762207 2680
1745746206351 31.29960823059082 2700
1745746213587 32.404232025146484 2720
1745746221502 29.620914459228516 2740
1745746229810 22.16794204711914 2760
1745746238052 25.483434677124023 2780
1745746246207 29.9897403717041 2800
1745746255377 25.44102668762207 2820
1745746262185 40.960792541503906 2840
1745746271266 35.129150390625 2860
1745746278823 25.432327270507812 2880
1745746286899 25.845264434814453 2900
1745746295026 27.392620086669922 2920
1745746304660 30.362150192260742 2940
1745746311275 30.518775939941406 2960
1745746320559 32.68348693847656 2980
1745746327804 29.655536651611328 3000
1745746336430 37.47209930419922 3020
1745746344617 34.196983337402344 3040
1745746352733 30.94305419921875 3060
1745746361104 29.874874114990234 3080
1745746369356 29.348163604736328 3100
1745746377761 29.641876220703125 3120
1745746385164 28.023822784423828 3140
1745746394130 29.95328712463379 3160
1745746402260 27.789249420166016 3180
1745746412017 29.394287109375 3200
1745746421028 29.671260833740234 3220
1745746428747 30.692768096923828 3240
1745746437944 32.56937789916992 3260
1745746445732 33.794166564941406 3280
1745746454813 30.471363067626953 3300
1745746462012 30.792341232299805 3320
1745746471420 30.661218643188477 3340
1745746478868 38.31373977661133 3360
1745746487104 28.151260375976562 3380
1745746494730 29.588085174560547 3400
1745746503955 32.5574836730957 3420
1745746511695 23.82635498046875 3440
1745746521151 31.477619171142578 3460
1745746528817 34.701786041259766 3480
1745746535765 34.03268814086914 3500
1745746544483 28.438243865966797 3520
1745746553203 32.125999450683594 3540
1745746562130 27.466205596923828 3560
1745746569743 41.53400802612305 3580
1745746577535 31.98725700378418 3600
1745746585907 36.26715850830078 3620
1745746594515 32.474510192871094 3640
1745746601848 38.114662170410156 3660
1745746611260 36.14496994018555 3680
1745746619910 35.06879806518555 3700
1745746627598 25.5429630279541 3720
1745746636232 35.07439422607422 3740
1745746644354 31.191720962524414 3760
1745746652665 30.418912887573242 3780
1745746660888 35.588260650634766 3800
1745746669814 28.9683895111084 3820
1745746677845 41.82533264160156 3840
1745746686206 35.94679260253906 3860
1745746693255 29.08856964111328 3880
1745746702468 30.97280502319336 3900
1745746710157 40.589542388916016 3920
1745746719060 36.12886047363281 3940
1745746728006 28.271488189697266 3960
1745746735283 42.8369140625 3980
1745746743303 34.967529296875 4000
1745746752493 37.89007568359375 4020
1745746760299 37.20024490356445 4040
1745746767589 39.21540832519531 4060
1745746776719 25.047075271606445 4080
1745746785703 28.344078063964844 4100
1745746792679 35.900882720947266 4120
1745746801138 33.984413146972656 4140
1745746809928 33.10782241821289 4160
1745746817337 37.778358459472656 4180
1745746827283 34.847816467285156 4200
1745746835409 36.41815185546875 4220
1745746844086 39.571754455566406 4240
1745746851521 41.83323669433594 4260
1745746860376 34.676544189453125 4280
1745746869031 31.521995544433594 4300
1745746876553 46.462196350097656 4320
1745746885756 39.75709915161133 4340
1745746894149 36.711090087890625 4360
1745746901712 34.81686019897461 4380
1745746910534 44.44124221801758 4400
1745746918379 35.96475601196289 4420
1745746927229 36.60285186767578 4440
1745746934888 44.1635856628418 4460
1745746942885 53.02764129638672 4480
1745746951321 37.43968963623047 4500
1745746957974 36.93804168701172 4520
1745746966506 41.063804626464844 4540
1745746976254 31.40094757080078 4560
1745746984825 36.1616325378418 4580
1745746993660 35.52459716796875 4600
1745747000669 37.16517639160156 4620
1745747009085 39.519039154052734 4640
1745747017446 43.257999420166016 4660
1745747025867 50.39310836791992 4680
1745747033445 43.47233581542969 4700
1745747041931 37.01839065551758 4720
1745747051258 39.2490348815918 4740
1745747058042 33.113380432128906 4760
1745747066302 34.85390090942383 4780
1745747074686 39.002017974853516 4800
1745747082888 45.14219284057617 4820
1745747091061 52.3487663269043 4840
1745747100351 36.778255462646484 4860
1745747108307 38.4383430480957 4880
1745747116509 44.42301940917969 4900
1745747124415 47.05989074707031 4920
1745747133253 41.75994873046875 4940
1745747141771 39.529693603515625 4960
1745747149684 28.913869857788086 4980
1745747157858 46.15957260131836 5000
1745747166004 38.62609100341797 5020
1745747174232 45.593345642089844 5040
1745747182672 35.70493698120117 5060
1745747191422 42.349124908447266 5080
1745747198517 46.13477325439453 5100
1745747207909 34.81365203857422 5120
1745747215394 31.400218963623047 5140
1745747223749 53.857452392578125 5160
1745747232740 43.66233825683594 5180
1745747240710 42.603614807128906 5200
1745747249496 38.134620666503906 5220
1745747257308 49.31312561035156 5240
1745747266139 50.30488586425781 5260
1745747273505 33.037010192871094 5280
1745747280550 39.876033782958984 5300
1745747289546 41.37862777709961 5320
1745747298059 41.57379913330078 5340
1745747306879 43.389286041259766 5360
1745747315067 45.481414794921875 5380
1745747323591 51.594886779785156 5400
1745747331546 42.90066146850586 5420
1745747340034 50.199440002441406 5440
1745747348480 46.25448226928711 5460
1745747357801 38.63992691040039 5480
1745747367008 38.13634490966797 5500
1745747373861 45.61076354980469 5520
1745747382988 50.71527862548828 5540
1745747391695 47.69839859008789 5560
1745747400057 42.744136810302734 5580
1745747408778 47.04643249511719 5600
1745747417682 37.551021575927734 5620
1745747425387 48.791664123535156 5640
1745747434274 47.277278900146484 5660
1745747441847 51.77419662475586 5680
1745747451052 44.739479064941406 5700
1745747459036 40.41532516479492 5720
1745747467996 33.275211334228516 5740
1745747476382 47.0958366394043 5760
1745747483954 53.009151458740234 5780
1745747493256 35.005828857421875 5800
1745747501609 46.17289733886719 5820
1745747510207 46.57148742675781 5840
1745747517712 39.970314025878906 5860
1745747526378 26.629945755004883 5880
1745747534177 49.19103240966797 5900
1745747543080 49.64521789550781 5920
1745747551867 39.23457336425781 5940
1745747559072 45.22357940673828 5960
1745747567614 40.50605392456055 5980
1745747576197 37.592193603515625 6000
1745747584457 49.47047805786133 6020
1745747592854 33.87376403808594 6040
1745747600537 45.162296295166016 6060
1745747609859 43.912200927734375 6080
1745747618529 29.279769897460938 6100
1745747625921 42.09998321533203 6120
1745747634750 43.748626708984375 6140
1745747642920 45.32596969604492 6160
1745747650715 54.36957550048828 6180
1745747659410 41.08213424682617 6200
1745747667869 43.72896194458008 6220
1745747675185 42.67892837524414 6240
1745747685447 43.55569839477539 6260
1745747692601 48.725032806396484 6280
1745747700310 44.419761657714844 6300
1745747708988 41.241111755371094 6320
1745747717241 51.723079681396484 6340
1745747725259 40.2867546081543 6360
1745747734393 43.342979431152344 6380
1745747743080 45.42839431762695 6400
1745747750785 41.720703125 6420
1745747759039 47.1839714050293 6440
1745747767767 56.398006439208984 6460
1745747776028 43.290016174316406 6480
1745747783910 46.223960876464844 6500
1745747792663 50.952415466308594 6520
1745747800810 48.79436492919922 6540
1745747809831 52.935733795166016 6560
1745747819913 44.09660720825195 6580
1745747828680 47.25605010986328 6600
1745747836527 47.77214050292969 6620
1745747845025 45.31636047363281 6640
1745747853239 49.85124588012695 6660
1745747861935 54.025970458984375 6680
1745747868746 44.832481384277344 6700
1745747878709 55.80152130126953 6720
1745747886564 45.20703125 6740
1745747894641 66.02383422851562 6760
1745747903221 48.738399505615234 6780
1745747910808 57.84866714477539 6800
1745747920917 58.55556106567383 6820
1745747928671 46.95160675048828 6840
1745747936701 48.454471588134766 6860
1745747945990 40.29255676269531 6880
1745747954959 43.98308563232422 6900
1745747963470 49.72632598876953 6920
1745747971926 47.870147705078125 6940
1745747981039 45.129886627197266 6960
1745747988756 50.375789642333984 6980
1745747997424 47.55405044555664 7000
1745748006505 50.80805206298828 7020
1745748015265 36.95895767211914 7040
1745748023080 45.72606658935547 7060
1745748031335 51.52204513549805 7080
1745748039869 44.815399169921875 7100
1745748047470 49.049434661865234 7120
1745748056298 60.69257736206055 7140
1745748064249 52.641719818115234 7160
1745748073081 55.84615707397461 7180
1745748081003 62.908477783203125 7200
1745748088806 50.74738311767578 7220
1745748097448 53.94163131713867 7240
1745748104897 49.46990203857422 7260
1745748113910 60.26988220214844 7280
1745748123379 46.648841857910156 7300
1745748130325 44.68742370605469 7320
1745748138318 48.31972122192383 7340
1745748146913 49.260772705078125 7360
1745748155807 34.04043197631836 7380
1745748164300 65.07241821289062 7400
1745748173277 48.440589904785156 7420
1745748181580 51.89227294921875 7440
1745748189540 44.20372772216797 7460
1745748198062 52.995521545410156 7480
1745748205412 54.022987365722656 7500
1745748213348 54.10629653930664 7520
1745748223115 53.53414535522461 7540
1745748231941 53.20676803588867 7560
1745748240338 44.42680358886719 7580
1745748248194 58.54397201538086 7600
1745748256960 41.792686462402344 7620
1745748264169 43.3314323425293 7640
1745748272992 50.31413269042969 7660
1745748281311 49.83338165283203 7680
1745748289746 41.585845947265625 7700
1745748298643 54.705169677734375 7720
1745748305942 39.482627868652344 7740
1745748314229 43.4208869934082 7760
1745748323508 38.818485260009766 7780
1745748333127 54.26219177246094 7800
1745748341280 51.49684143066406 7820
1745748348680 49.19087219238281 7840
1745748358455 47.150672912597656 7860
1745748365595 50.335227966308594 7880
1745748374992 51.96017837524414 7900
1745748382475 59.886112213134766 7920
1745748391698 42.75388717651367 7940
1745748399092 45.59166717529297 7960
1745748406933 57.31285858154297 7980
1745748416589 55.60520935058594 8000
1745748423930 53.23582458496094 8020
1745748432802 44.87739562988281 8040
1745748441236 52.75032424926758 8060
1745748449387 45.7553825378418 8080
1745748456796 39.201271057128906 8100
1745748465586 54.4830322265625 8120
1745748474101 42.24402618408203 8140
1745748482979 58.49399185180664 8160
1745748490131 51.128929138183594 8180
1745748498638 58.94782638549805 8200
1745748507661 62.80437088012695 8220
1745748516356 56.538028717041016 8240
1745748524274 56.62091064453125 8260
1745748532400 44.59831619262695 8280
1745748540746 60.808013916015625 8300
1745748550074 54.115089416503906 8320
1745748557260 53.2557258605957 8340
1745748566087 42.564788818359375 8360
1745748574307 70.25940704345703 8380
1745748583076 45.80730438232422 8400
1745748591850 49.55603790283203 8420
1745748599750 51.29662322998047 8440
1745748607732 59.931297302246094 8460
1745748615619 57.260040283203125 8480
1745748624323 58.901710510253906 8500
1745748632499 58.16313171386719 8520
1745748641889 33.412166595458984 8540
1745748649957 50.263370513916016 8560
1745748657978 48.05458068847656 8580
1745748666416 47.95490264892578 8600
1745748674758 49.43503952026367 8620
1745748682535 42.78213119506836 8640
1745748691680 47.62428283691406 8660
1745748699719 49.680419921875 8680
1745748706979 47.343894958496094 8700
1745748716582 69.11125946044922 8720
1745748725160 48.16530227661133 8740
1745748732547 49.03665542602539 8760
1745748741477 44.86833572387695 8780
1745748750559 44.9109992980957 8800
1745748757844 39.76467514038086 8820
1745748766471 60.48588562011719 8840
1745748774798 49.42192077636719 8860
1745748783847 55.12895965576172 8880
1745748792506 59.09428405761719 8900
1745748801301 60.52112579345703 8920
1745748809582 52.62901306152344 8940
1745748817698 66.6648178100586 8960
1745748826408 49.53569030761719 8980
1745748834143 61.117218017578125 9000
1745748843114 54.7187614440918 9020
1745748850474 63.384178161621094 9040
1745748859187 48.85726547241211 9060
1745748869374 44.98545837402344 9080
1745748877035 54.04927062988281 9100
1745748884752 52.49882125854492 9120
1745748892868 42.35980987548828 9140
1745748902683 60.71495819091797 9160
1745748910574 45.29262924194336 9180
1745748918923 65.17361450195312 9200
1745748926448 48.08448028564453 9220
1745748934663 53.63719177246094 9240
1745748942890 47.03831481933594 9260
1745748951696 71.82138061523438 9280
1745748958370 49.555946350097656 9300
1745748968056 49.461883544921875 9320
1745748976806 51.363582611083984 9340
1745748983894 50.55432891845703 9360
1745748993073 59.85580825805664 9380
1745749000242 52.899932861328125 9400
1745749009158 48.37791061401367 9420
1745749018024 54.80206298828125 9440
1745749026497 63.66139221191406 9460
1745749035320 53.12721252441406 9480
1745749042378 61.13749694824219 9500
1745749050418 56.35852813720703 9520
1745749059774 50.074363708496094 9540
1745749067526 50.87639236450195 9560
1745749075645 49.968814849853516 9580
1745749084521 48.58566665649414 9600
1745749093138 51.70164489746094 9620
1745749099688 45.734046936035156 9640
1745749108932 49.29975891113281 9660
1745749116243 48.860225677490234 9680
1745749125728 45.030677795410156 9700
1745749134145 46.12724685668945 9720
1745749141865 50.21807098388672 9740
1745749150141 50.97116470336914 9760
1745749158504 49.190574645996094 9780
1745749165788 62.917457580566406 9800
1745749174827 47.99383544921875 9820
1745749183657 40.73121643066406 9840
1745749192782 54.20636749267578 9860
1745749201231 60.892364501953125 9880
1745749208438 70.63040924072266 9900
1745749217537 59.35493087768555 9920
1745749226513 45.268585205078125 9940
1745749234875 58.53813934326172 9960
1745749243464 64.98567199707031 9980
1745749250721 75.90524291992188 10000
1745749263503 59.12922668457031 10020
1745749271923 61.13405227661133 10040
1745749279696 57.797157287597656 10060
1745749288720 61.704071044921875 10080
1745749296191 69.68806457519531 10100
1745749305359 51.702571868896484 10120
1745749314157 49.922428131103516 10140
1745749322066 63.08181381225586 10160
1745749329161 54.61200714111328 10180
1745749338612 48.404388427734375 10200
1745749347416 66.73651885986328 10220
1745749355266 49.90318298339844 10240
1745749363890 61.6917839050293 10260
1745749372754 59.38883972167969 10280
1745749381297 43.84677505493164 10300
1745749388826 57.09756851196289 10320
1745749398182 64.58056640625 10340
1745749406187 67.44991302490234 10360
1745749415587 56.28213882446289 10380
1745749423911 49.798980712890625 10400
1745749432777 57.910728454589844 10420
1745749440939 54.95307922363281 10440
1745749450065 58.24678421020508 10460
1745749460170 53.01033401489258 10480
1745749467798 46.134178161621094 10500
1745749477336 52.48877716064453 10520
1745749485427 44.674034118652344 10540
1745749493500 65.33934020996094 10560
1745749501370 68.38774108886719 10580
1745749510350 62.91358184814453 10600
1745749518990 65.6968994140625 10620
1745749525832 54.332763671875 10640
1745749534705 42.735862731933594 10660
1745749543347 50.68033218383789 10680
1745749551131 66.76004028320312 10700
1745749559636 56.46446990966797 10720
1745749569054 50.86784362792969 10740
1745749577695 64.0645523071289 10760
1745749586035 48.07078552246094 10780
1745749593854 59.50027847290039 10800
1745749601730 53.449073791503906 10820
1745749610480 62.38178253173828 10840
1745749619507 63.353912353515625 10860
1745749627502 55.47358703613281 10880
1745749636795 51.93794250488281 10900
1745749644819 57.89501953125 10920
1745749653261 62.65387725830078 10940
1745749660426 48.73542785644531 10960
1745749669449 48.944793701171875 10980
1745749679131 58.09367370605469 11000
1745749686772 65.66437530517578 11020
1745749694093 53.69279861450195 11040
1745749702592 50.69831466674805 11060
1745749712131 47.65311813354492 11080
1745749719819 47.49253845214844 11100
1745749729200 52.7714958190918 11120
1745749737619 61.97233200073242 11140
1745749745035 61.940467834472656 11160
1745749753491 48.68046569824219 11180
1745749762778 52.54340744018555 11200
1745749770889 37.506866455078125 11220
1745749779418 48.162391662597656 11240
1745749788104 52.257835388183594 11260
1745749796368 54.325828552246094 11280
1745749805769 60.281681060791016 11300
1745749812827 66.47953796386719 11320
1745749823091 62.7263069152832 11340
1745749831344 73.64069366455078 11360
1745749840473 56.47882080078125 11380
1745749848193 66.75108337402344 11400
1745749856174 60.603519439697266 11420
1745749865241 51.16880416870117 11440
1745749873521 48.72055435180664 11460
1745749882417 53.016021728515625 11480
1745749891545 57.45918655395508 11500
1745749899882 61.70210266113281 11520
1745749908199 64.05357360839844 11540
1745749916467 54.381004333496094 11560
1745749925795 55.04153823852539 11580
1745749934405 62.00788879394531 11600
1745749941757 48.71245574951172 11620
1745749951282 62.966346740722656 11640
1745749960070 56.483726501464844 11660
1745749968122 60.25719451904297 11680
1745749977097 71.68836975097656 11700
1745749985077 48.528907775878906 11720
1745749993893 53.55445861816406 11740
1745750002112 42.022705078125 11760
1745750010178 55.626800537109375 11780
1745750018412 56.22626495361328 11800
1745750027150 51.117393493652344 11820
1745750035079 52.287479400634766 11840
1745750043524 53.49494171142578 11860
1745750051483 59.13095474243164 11880
1745750061352 61.126243591308594 11900
1745750068728 49.67720031738281 11920
1745750077007 59.42536163330078 11940
1745750085106 70.46060180664062 11960
1745750093741 62.21839141845703 11980
1745750101489 62.51739501953125 12000
1745750110937 67.31864929199219 12020
1745750119734 60.7896728515625 12040
1745750127895 65.52882385253906 12060
1745750136482 70.47103118896484 12080
1745750144178 54.341793060302734 12100
1745750153831 54.88966369628906 12120
1745750161690 53.05888366699219 12140
1745750169730 60.83684539794922 12160
1745750179032 54.978675842285156 12180
1745750186753 60.80375289916992 12200
1745750194898 56.733665466308594 12220
1745750204619 44.73695755004883 12240
1745750212701 52.84322738647461 12260
1745750220745 47.88939666748047 12280
1745750230125 54.0395393371582 12300
1745750237236 51.45729446411133 12320
1745750246082 57.001678466796875 12340
1745750254553 62.19639587402344 12360
1745750263172 57.84027862548828 12380
1745750271923 61.46830749511719 12400
1745750280934 73.65702819824219 12420
1745750288426 65.85514068603516 12440
1745750296977 52.968719482421875 12460
1745750305576 54.82903289794922 12480
1745750312827 60.4924430847168 12500
1745750321044 57.56088638305664 12520
1745750330751 58.20873260498047 12540
1745750339102 76.49226379394531 12560
1745750347191 61.6588020324707 12580
1745750355962 68.27517700195312 12600
1745750364406 53.682254791259766 12620
1745750372988 54.373172760009766 12640
1745750380774 60.27387619018555 12660
1745750389087 55.32676696777344 12680
1745750395573 59.427520751953125 12700
1745750405008 57.962684631347656 12720
1745750414338 60.663177490234375 12740
1745750421716 58.41334533691406 12760
1745750430363 40.8590087890625 12780
1745750439709 57.40057373046875 12800
1745750447437 77.47859954833984 12820
1745750455769 57.92791748046875 12840
1745750463252 52.249786376953125 12860
1745750472181 62.261192321777344 12880
1745750480692 53.89834976196289 12900
1745750488802 53.84908676147461 12920
1745750496594 66.23114013671875 12940
1745750505579 43.69141387939453 12960
1745750514420 52.274417877197266 12980
1745750522600 49.62498474121094 13000
1745750530538 65.07259368896484 13020
1745750540186 61.74774169921875 13040
1745750549416 54.463279724121094 13060
1745750557475 69.43262481689453 13080
1745750565771 48.05278396606445 13100
1745750573513 52.842628479003906 13120
1745750581285 63.9326171875 13140
1745750590457 57.39158630371094 13160
1745750601070 71.83443450927734 13180
1745750608414 60.410919189453125 13200
1745750617457 57.69900894165039 13220
1745750624849 66.48554992675781 13240
1745750633875 56.93067169189453 13260
1745750641148 51.39136505126953 13280
1745750650034 52.064186096191406 13300
1745750658597 64.4880599975586 13320
1745750666883 62.55581283569336 13340
1745750675434 57.4266242980957 13360
1745750684471 78.27305603027344 13380
1745750692946 53.813026428222656 13400
1745750701758 60.87443923950195 13420
1745750709765 55.668338775634766 13440
1745750717791 52.98994064331055 13460
1745750727081 69.93683624267578 13480
1745750735246 64.66374206542969 13500
1745750743599 59.249847412109375 13520
1745750752370 60.214576721191406 13540
1745750761155 65.49739837646484 13560
1745750768401 48.32246398925781 13580
1745750776518 55.61097717285156 13600
1745750785717 54.38627243041992 13620
1745750794299 73.80928802490234 13640
1745750801679 75.91481018066406 13660
1745750811048 60.756874084472656 13680
1745750820566 60.61479568481445 13700
1745750827857 59.12690734863281 13720
1745750836918 67.27403259277344 13740
1745750845484 71.96900177001953 13760
1745750853885 63.303619384765625 13780
1745750863304 61.490264892578125 13800
1745750872186 63.20470428466797 13820
1745750880439 36.05173110961914 13840
1745750887403 64.89466857910156 13860
1745750895808 76.14695739746094 13880
1745750905309 61.2065315246582 13900
1745750914132 60.742835998535156 13920
1745750921137 52.71919631958008 13940
1745750930770 46.801666259765625 13960
1745750938738 56.779598236083984 13980
1745750947815 71.48169708251953 14000
1745750956090 71.78910064697266 14020
1745750965985 72.63267517089844 14040
1745750973935 58.337249755859375 14060
1745750982917 51.08672332763672 14080
1745750991289 49.404788970947266 14100
1745750999548 60.16167449951172 14120
1745751007765 69.7419662475586 14140
1745751017253 61.083316802978516 14160
1745751025352 55.056983947753906 14180
1745751034835 51.92781066894531 14200
1745751042371 62.191123962402344 14220
1745751050839 56.534175872802734 14240
1745751059351 58.3558349609375 14260
1745751067738 59.174774169921875 14280
1745751076732 72.18550109863281 14300
1745751085335 56.0850715637207 14320
1745751093521 59.37923049926758 14340
1745751101615 63.47511291503906 14360
1745751109866 60.70075225830078 14380
1745751117337 61.30450439453125 14400
1745751126385 74.15351104736328 14420
1745751134948 62.97618865966797 14440
1745751141917 66.00299072265625 14460
1745751150820 54.56623458862305 14480
1745751159054 68.80288696289062 14500
1745751167712 60.75416946411133 14520
1745751176817 75.35689544677734 14540
1745751184306 56.27351760864258 14560
1745751193899 66.89910888671875 14580
1745751201590 53.19425964355469 14600
1745751209815 66.388916015625 14620
1745751218255 66.70283508300781 14640
1745751227795 60.63132858276367 14660
1745751236609 65.58072662353516 14680
1745751245614 80.02349853515625 14700
1745751252968 66.68264770507812 14720
1745751261060 49.73370361328125 14740
1745751270984 69.49050903320312 14760
1745751278594 71.18873596191406 14780
1745751287604 67.06822204589844 14800
1745751296619 71.24214935302734 14820
1745751304344 56.92478942871094 14840
1745751312698 66.84254455566406 14860
1745751320722 59.08818817138672 14880
1745751329955 68.22296142578125 14900
1745751338335 64.45097351074219 14920
1745751345415 68.10248565673828 14940
1745751355414 87.59780883789062 14960
1745751364525 57.303619384765625 14980
1745751371801 55.322078704833984 15000
1745751380269 60.73072052001953 15020
1745751389056 66.49652099609375 15040
1745751396541 62.30200958251953 15060
1745751405898 57.33096694946289 15080
1745751414791 61.748130798339844 15100
1745751423328 54.24270248413086 15120
1745751430779 52.503997802734375 15140
1745751440424 63.69253158569336 15160
1745751447449 61.25630187988281 15180
1745751456640 59.42533874511719 15200
1745751466254 63.29014205932617 15220
1745751473946 56.475608825683594 15240
1745751482957 70.09086608886719 15260
1745751491735 65.40242004394531 15280
1745751499987 82.70310974121094 15300
1745751507265 45.21946334838867 15320
1745751515743 61.13890075683594 15340
1745751524976 54.61215591430664 15360
1745751533259 50.453033447265625 15380
1745751540818 74.66497802734375 15400
1745751550022 77.9544906616211 15420
1745751558128 53.67317199707031 15440
1745751566500 63.356571197509766 15460
1745751575804 51.108619689941406 15480
1745751582820 47.67181396484375 15500
1745751591914 57.720829010009766 15520
1745751600037 65.40497589111328 15540
1745751608746 61.10256576538086 15560
1745751618142 63.51689910888672 15580
1745751626110 66.37962341308594 15600
1745751636013 70.82825469970703 15620
1745751644531 57.19596862792969 15640
1745751653929 70.98822021484375 15660
1745751662598 59.46592330932617 15680
1745751671245 61.89514923095703 15700
1745751679237 63.77113342285156 15720
1745751688136 63.227386474609375 15740
1745751695443 64.76077270507812 15760
1745751704853 79.11639404296875 15780
1745751712321 61.142520904541016 15800
1745751721005 79.41947937011719 15820
1745751729784 72.7953109741211 15840
1745751737906 60.28172302246094 15860
1745751746368 67.42044830322266 15880
1745751755186 56.16427993774414 15900
1745751763431 68.79452514648438 15920
1745751771724 59.490928649902344 15940
1745751780332 59.23181915283203 15960
1745751788615 63.953407287597656 15980
1745751797878 74.56327819824219 16000
1745751805764 62.52322769165039 16020
1745751814004 58.26896286010742 16040
1745751822417 58.488521575927734 16060
1745751830788 62.35451126098633 16080
1745751839296 68.11695861816406 16100
1745751848512 77.79196166992188 16120
1745751855609 56.679222106933594 16140
1745751864171 73.9024429321289 16160
1745751872365 54.746055603027344 16180
1745751880918 61.420902252197266 16200
1745751890238 66.46874237060547 16220
1745751898691 67.99510955810547 16240
1745751907597 72.01232147216797 16260
1745751916239 71.74018096923828 16280
1745751924388 68.02143859863281 16300
1745751933828 50.35238265991211 16320
1745751941951 65.60708618164062 16340
1745751950343 60.00138854980469 16360
1745751959661 74.17864990234375 16380
1745751967865 67.19725799560547 16400
1745751975946 68.33817291259766 16420
1745751984451 59.78976821899414 16440
1745751993085 59.195613861083984 16460
1745752003157 70.7267837524414 16480
1745752010255 65.40386962890625 16500
1745752020453 62.94235610961914 16520
1745752028215 66.79006958007812 16540
1745752036020 53.79484558105469 16560
1745752044410 67.44052124023438 16580
1745752053047 57.327880859375 16600
1745752062414 54.83135223388672 16620
1745752071245 65.58818817138672 16640
1745752079234 59.420494079589844 16660
1745752087570 63.77606964111328 16680
1745752095803 56.41148376464844 16700
1745752104211 58.2352294921875 16720
1745752113211 64.34899139404297 16740
1745752120805 71.18816375732422 16760
1745752129992 56.86427307128906 16780
1745752137774 61.183719635009766 16800
1745752146631 61.053016662597656 16820
1745752155450 54.7917594909668 16840
1745752164120 65.96002960205078 16860
1745752171754 64.8830337524414 16880
1745752181162 64.86875915527344 16900
1745752189653 63.12211608886719 16920
1745752197759 61.275997161865234 16940
1745752205599 77.57029724121094 16960
1745752214947 65.96240997314453 16980
1745752222664 68.43621063232422 17000
1745752232085 63.74738311767578 17020
1745752239582 66.83795166015625 17040
1745752248588 61.7322998046875 17060
1745752258017 67.64031982421875 17080
1745752265805 45.615501403808594 17100
1745752273886 58.300148010253906 17120
1745752283303 59.787628173828125 17140
1745752290805 66.69930267333984 17160
1745752300422 58.83574676513672 17180
1745752308535 78.62757873535156 17200
1745752317369 52.692508697509766 17220
1745752323985 51.144378662109375 17240
1745752333771 52.178466796875 17260
1745752342760 83.58885955810547 17280
1745752350208 69.65241241455078 17300
1745752357921 54.90488052368164 17320
1745752366430 53.66579055786133 17340
1745752375563 79.73865509033203 17360
1745752383706 59.19896697998047 17380
1745752392077 68.14584350585938 17400
1745752400336 57.606258392333984 17420
1745752407736 53.360897064208984 17440
1745752416606 62.719268798828125 17460
1745752425531 66.14726257324219 17480
1745752433350 60.952308654785156 17500
1745752442298 54.140838623046875 17520
1745752451416 74.33533477783203 17540
1745752459094 58.64202117919922 17560
1745752467003 61.07468032836914 17580
1745752475634 73.55390930175781 17600
1745752485188 71.21613311767578 17620
1745752493169 68.93062591552734 17640
1745752502362 71.7015380859375 17660
1745752511616 53.22986602783203 17680
1745752519789 48.08568572998047 17700
1745752527095 62.1971549987793 17720
1745752536041 61.5072021484375 17740
1745752545001 60.91680908203125 17760
1745752552506 74.38966369628906 17780
1745752561693 53.70185470581055 17800
1745752570302 56.09434127807617 17820
1745752578537 71.6383056640625 17840
1745752586890 51.88526916503906 17860
1745752595047 71.57050323486328 17880
1745752604634 47.6057014465332 17900
1745752613189 65.37736511230469 17920
1745752620982 69.037353515625 17940
1745752630058 65.43917846679688 17960
1745752637804 59.66292953491211 17980
1745752646955 62.737308502197266 18000
1745752654522 79.10704803466797 18020
1745752663153 74.8590316772461 18040
1745752672575 57.17559051513672 18060
1745752680555 61.6273193359375 18080
1745752687914 59.01479721069336 18100
1745752696222 73.36924743652344 18120
1745752705712 72.88823699951172 18140
1745752713549 70.60723114013672 18160
1745752721459 61.91815948486328 18180
1745752730406 57.47740936279297 18200
1745752738387 66.46350860595703 18220
1745752745685 76.19877624511719 18240
1745752756204 67.47923278808594 18260
1745752764898 82.6064224243164 18280
1745752772751 65.39251708984375 18300
1745752781155 67.2474136352539 18320
1745752789947 68.36505126953125 18340
1745752798347 79.09478759765625 18360
1745752805518 66.559814453125 18380
1745752814320 68.0023422241211 18400
1745752823705 71.01945495605469 18420
1745752832391 60.89957809448242 18440
1745752840167 52.09983444213867 18460
1745752849081 52.37601852416992 18480
1745752858326 65.70518493652344 18500
1745752865652 76.30770111083984 18520
1745752874760 82.900146484375 18540
1745752884044 71.56817626953125 18560
1745752892378 66.35116577148438 18580
1745752900055 69.34685516357422 18600
1745752907749 64.28559112548828 18620
1745752917164 65.33026885986328 18640
1745752925172 55.106956481933594 18660
1745752934200 51.21563720703125 18680
1745752942850 57.18971633911133 18700
1745752950999 63.18768310546875 18720
1745752959264 63.125221252441406 18740
1745752967663 73.25247955322266 18760
1745752975053 87.56686401367188 18780
1745752984056 52.75425720214844 18800
1745752993158 55.89377975463867 18820
1745753000714 75.29595947265625 18840
1745753009700 57.28192138671875 18860
1745753016806 60.88008499145508 18880
1745753027015 48.424720764160156 18900
1745753035064 63.05039978027344 18920
1745753043810 54.760467529296875 18940
1745753052319 57.9468879699707 18960
1745753059149 72.73131561279297 18980
1745753067562 57.320289611816406 19000
1745753076663 58.90650939941406 19020
1745753085562 68.34158325195312 19040
1745753093760 84.72615051269531 19060
1745753102578 67.94791412353516 19080
1745753111668 56.77306365966797 19100
1745753120130 66.69103240966797 19120
1745753128998 77.03490447998047 19140
1745753137886 66.19811248779297 19160
1745753146558 66.86865234375 19180
1745753153544 65.08724212646484 19200
1745753162987 88.01871490478516 19220
1745753171031 84.39836120605469 19240
1745753180092 74.3674545288086 19260
1745753189242 54.06032180786133 19280
1745753196560 62.404579162597656 19300
1745753206275 55.36329650878906 19320
1745753215371 76.9063720703125 19340
1745753223456 63.33877944946289 19360
1745753230605 67.34152221679688 19380
1745753240672 69.23786926269531 19400
1745753249297 57.999107360839844 19420
1745753256722 55.96489715576172 19440
1745753266215 73.6257095336914 19460
1745753274938 53.903709411621094 19480
1745753281983 52.138648986816406 19500
1745753290537 71.41204071044922 19520
1745753299258 67.71074676513672 19540
1745753307956 73.54405975341797 19560
1745753318354 68.95069122314453 19580
1745753326558 73.57762908935547 19600
1745753334871 87.85255432128906 19620
1745753343465 89.06454467773438 19640
1745753351012 64.28132629394531 19660
1745753359681 58.9132080078125 19680
1745753369209 71.08389282226562 19700
1745753377756 71.46626281738281 19720
1745753385835 65.11251831054688 19740
1745753394742 79.0625228881836 19760
1745753402183 52.36444854736328 19780
1745753411293 75.56715393066406 19800
1745753419907 67.08926391601562 19820
1745753430256 70.48516082763672 19840
1745753438371 58.67737579345703 19860
1745753447077 65.39614868164062 19880
1745753455414 65.14509582519531 19900
1745753463604 70.53557586669922 19920
1745753472495 53.511314392089844 19940
1745753482218 78.10737609863281 19960
1745753490198 65.051025390625 19980
1745753499306 49.60704040527344 20000
1745753509987 68.23868560791016 20020
1745753518076 59.51930236816406 20040
1745753525947 72.78450012207031 20060
1745753534871 67.42298126220703 20080
1745753543608 61.50348663330078 20100
1745753551876 74.9336929321289 20120
1745753561380 69.9328384399414 20140
1745753568933 50.22730255126953 20160
1745753578244 74.99546813964844 20180
1745753587587 70.12071990966797 20200
1745753596382 63.487911224365234 20220
1745753604993 67.9444580078125 20240
1745754807436 69.80484771728516 20260
1745754816359 64.48555755615234 20280
1745754825380 79.91024780273438 20300
1745754834705 53.5863037109375 20320
1745754844805 65.64437866210938 20340
1745754853419 61.05651092529297 20360
1745754862955 70.93568420410156 20380
1745754872968 58.62388229370117 20400
1745754882361 58.201900482177734 20420
1745754890500 55.892364501953125 20440
1745754899571 85.95023345947266 20460
1745754909593 50.652976989746094 20480
1745754919180 77.49697875976562 20500
1745754928772 68.41231536865234 20520
1745754938590 83.2191390991211 20540
1745754947521 57.53310775756836 20560
1745754954964 70.87652587890625 20580
1745754965710 62.58509063720703 20600
1745754974121 78.38937377929688 20620
1745754984745 62.66230010986328 20640
1745754993516 70.18212127685547 20660
1745755003666 78.47686767578125 20680
1745755010866 65.4657211303711 20700
1745755020645 71.16825866699219 20720
1745755031621 63.517513275146484 20740
1745755041307 62.265228271484375 20760
1745755049872 57.80695343017578 20780
1745755058706 78.44692993164062 20800
1745755068037 60.60726547241211 20820
1745755077872 68.452392578125 20840
1745755085019 65.9658432006836 20860
1745755097262 69.66500854492188 20880
1745755106411 78.14761352539062 20900
1745755115439 63.82555389404297 20920
1745755125305 75.24491119384766 20940
1745755134386 55.94727325439453 20960
1745755144095 103.57478332519531 20980
1745755152021 74.47577667236328 21000
1745755162917 48.33687210083008 21020
1745755172598 54.85036849975586 21040
1745755182067 77.29890441894531 21060
1745755191123 71.1851577758789 21080
1745755200710 71.95494842529297 21100
1745755209659 66.37037658691406 21120
1745755218687 67.80951690673828 21140
1745755228805 65.10789489746094 21160
1745755237794 66.27820587158203 21180
1745755246165 61.737979888916016 21200
1745755255260 81.5616455078125 21220
1745755264559 71.7392807006836 21240
1745755275159 77.02843475341797 21260
1745755284309 73.42979431152344 21280
1745755294043 71.19414520263672 21300
1745755302950 70.19328308105469 21320
1745755311548 84.81517791748047 21340
1745755322640 68.09622955322266 21360
1745755332108 60.01158905029297 21380
1745755341260 65.05332946777344 21400
1745755351053 73.80117797851562 21420
1745755359481 68.55900573730469 21440
1745755369540 68.12855529785156 21460
1745755378177 67.86064147949219 21480
1745755388634 52.044227600097656 21500
1745755398198 42.79652404785156 21520
1745755405669 73.99359893798828 21540
1745755415740 63.449951171875 21560
1745755425147 60.023414611816406 21580
1745755435912 88.29463195800781 21600
1745755444827 62.09286117553711 21620
1745755453373 71.224365234375 21640
1745755464069 60.35281753540039 21660
1745755472047 60.666622161865234 21680
1745755481585 86.04435729980469 21700
1745755491466 65.49834442138672 21720
1745755500321 50.519466400146484 21740
1745755510752 48.68362808227539 21760
1745755519426 58.937644958496094 21780
1745755530722 67.90718841552734 21800
1745755539935 75.83434295654297 21820
1745755549224 64.4306411743164 21840
1745755558108 58.50928497314453 21860
1745755568032 63.38368225097656 21880
1745755577170 64.6727066040039 21900
1745755587696 75.27284240722656 21920
1745755597096 82.24002075195312 21940
1745755606042 72.76771545410156 21960
1745755614661 80.76005554199219 21980
1745755624377 60.581058502197266 22000
1745755634822 47.5153923034668 22020
1745755644188 73.87930297851562 22040
1745755653164 73.92194366455078 22060
1745755661574 58.830257415771484 22080
1745755672417 72.07462310791016 22100
1745755681791 70.8516845703125 22120
1745755689874 72.7035140991211 22140
1745755701063 81.20047760009766 22160
1745755711176 54.24280548095703 22180
1745755720456 67.63387298583984 22200
1745755730000 72.41912841796875 22220
1745755738724 77.41901397705078 22240
1745755749159 56.84043884277344 22260
1745755758370 69.80510711669922 22280
1745755766268 64.26262664794922 22300
1745755776812 72.42266082763672 22320
1745755784714 69.42230224609375 22340
1745755794800 63.32118606567383 22360
1745755804981 74.53752136230469 22380
1745755814827 77.28359985351562 22400
1745755824226 64.04667663574219 22420
1745755832975 70.05570220947266 22440
1745755843189 71.63311767578125 22460
1745755852666 79.60791778564453 22480
1745755861551 78.45588684082031 22500
1745755871313 59.17225646972656 22520
1745755880952 71.5464859008789 22540
1745755889958 58.68641662597656 22560
1745755899687 65.0146713256836 22580
1745755908756 66.79569244384766 22600
1745755917890 77.11286926269531 22620
1745755926698 67.01119232177734 22640
1745755937625 63.702816009521484 22660
1745755946766 67.63356018066406 22680
1745755956089 56.406951904296875 22700
1745755965060 78.85990142822266 22720
1745755973968 62.913658142089844 22740
1745755982983 88.76609802246094 22760
1745755992340 64.62206268310547 22780
1745756002925 53.309913635253906 22800
1745756011523 58.47262954711914 22820
1745756021409 80.12263488769531 22840
1745756030248 72.10740661621094 22860
1745756039708 57.244911193847656 22880
1745756049903 66.27196502685547 22900
1745756059597 70.90071868896484 22920
1745756067615 54.52791213989258 22940
1745756077285 66.67759704589844 22960
1745756086447 68.56858825683594 22980
1745756097131 63.86201477050781 23000
1745756104620 58.05160903930664 23020
1745756114401 83.39157104492188 23040
1745756124707 82.58255004882812 23060
1745756133053 70.03733825683594 23080
1745756142958 71.95549774169922 23100
1745756152705 72.72746276855469 23120
1745756161395 76.1691665649414 23140
1745756169712 72.54937744140625 23160
1745756178708 93.34228515625 23180
1745756188846 71.13745880126953 23200
1745756198455 56.998783111572266 23220
1745756206930 83.92150115966797 23240
1745756216742 65.63892364501953 23260
1745756225877 79.71406555175781 23280
1745756236290 79.62047576904297 23300
1745756246371 60.51975631713867 23320
1745756255423 67.5215835571289 23340
1745756264023 76.77554321289062 23360
1745756272456 74.55028533935547 23380
1745756283362 67.08733367919922 23400
1745756292228 84.89299774169922 23420
1745756301521 64.50096130371094 23440
1745756311845 60.925201416015625 23460
1745756320695 55.23954391479492 23480
1745756331064 55.27375030517578 23500
1745756340284 67.50416564941406 23520
1745756350282 61.30955505371094 23540
1745756359267 71.73825073242188 23560
1745756368168 64.37560272216797 23580
1745756377423 69.71253204345703 23600
1745756386095 56.107425689697266 23620
1745756395758 91.16119384765625 23640
1745756404738 66.15933227539062 23660
1745756414684 64.7258071899414 23680
1745756424870 71.4072494506836 23700
1745756434254 63.22022247314453 23720
1745756442461 86.04682922363281 23740
1745756452039 64.85401153564453 23760
1745756461491 87.15064239501953 23780
1745756471539 65.45970916748047 23800
1745756480043 57.45989227294922 23820
1745756489317 74.32963562011719 23840
1745756499640 67.4813232421875 23860
1745756508441 74.8365707397461 23880
1745756517544 62.29789733886719 23900
1745756528129 71.00138854980469 23920
1745756536632 56.6096305847168 23940
1745756547210 79.3497314453125 23960
1745756556667 87.21001434326172 23980
1745756565635 76.6664810180664 24000
1745756574995 61.26020431518555 24020
1745756584395 63.7620735168457 24040
1745756593905 67.32697296142578 24060
1745756604254 72.42188262939453 24080
1745756611809 64.64672088623047 24100
1745756621758 75.45379638671875 24120
1745756630349 81.60636138916016 24140
1745756641304 63.43825912475586 24160
1745756649377 73.4778823852539 24180
1745756659960 58.38325119018555 24200
1745756668541 64.41712951660156 24220
1745756678823 66.07979583740234 24240
1745756687427 67.8167495727539 24260
1745756696510 80.534912109375 24280
1745756706474 65.929931640625 24300
1745756715177 70.05587768554688 24320
1745756725066 73.14764404296875 24340
1745756735105 75.5661849975586 24360
1745756744507 61.200096130371094 24380
1745756753897 68.96440124511719 24400
1745756762316 65.87171173095703 24420
1745756771911 51.680511474609375 24440
1745756782067 65.4789810180664 24460
1745756791730 67.72370147705078 24480
1745756801078 62.828826904296875 24500
1745756810467 79.45909881591797 24520
1745756820293 67.25926208496094 24540
1745756830402 56.468929290771484 24560
1745756839336 77.15754699707031 24580
1745756848943 67.76860809326172 24600
1745756857770 60.931034088134766 24620
1745756867291 62.41276168823242 24640
1745756876267 63.62821960449219 24660
1745756885753 70.59777069091797 24680
1745756894090 80.20664978027344 24700
1745756905852 73.36305236816406 24720
1745756914560 62.42094421386719 24740
1745756923968 60.83888626098633 24760
1745756932935 73.12190246582031 24780
1745756942398 69.11973571777344 24800
1745756951873 81.86137390136719 24820
1745756961863 79.74531555175781 24840
1745756970486 77.26963806152344 24860
1745756979897 79.23041534423828 24880
1745756989900 62.29633331298828 24900
1745757000044 86.17904663085938 24920
1745757009083 68.08795166015625 24940
1745757018970 59.77651596069336 24960
1745757028604 69.03205871582031 24980
1745757037664 59.15723419189453 25000
1745757047066 80.38641357421875 25020
1745757057502 63.975215911865234 25040
1745757067485 59.2518424987793 25060
1745757075768 66.2282485961914 25080
1745757086597 70.0778579711914 25100
1745757096921 95.87873840332031 25120
1745757105416 74.30828094482422 25140
1745757115743 71.5263442993164 25160
1745757125512 75.42469787597656 25180
1745757133406 82.42509460449219 25200
1745757144438 73.05157470703125 25220
1745757153218 65.88713073730469 25240
1745757163368 56.692543029785156 25260
1745757173068 94.52044677734375 25280
1745757182464 74.19233703613281 25300
1745757190481 67.34407043457031 25320
1745757201195 66.81379699707031 25340
1745757211888 62.48062515258789 25360
1745757220188 90.97710418701172 25380
1745757230107 59.80656433105469 25400
1745757238895 62.188411712646484 25420
1745757249630 72.94445037841797 25440
1745757258986 76.72113037109375 25460
1745757268764 55.103118896484375 25480
1745757277335 75.10721588134766 25500
1745757288097 72.41873168945312 25520
1745757296818 72.4608154296875 25540
1745757305457 61.814353942871094 25560
1745757314965 82.59375762939453 25580
1745757325201 62.22856140136719 25600
1745757334261 79.0021743774414 25620
1745757344421 59.5701789855957 25640
1745757353117 74.09597778320312 25660
1745757363625 83.40777587890625 25680
1745757372917 77.98371887207031 25700
1745757382550 63.661109924316406 25720
1745757392445 61.5137939453125 25740
1745757401903 65.3122787475586 25760
1745757410627 74.25794219970703 25780
1745757420704 79.72472381591797 25800
1745757430297 83.32427978515625 25820
1745757438956 90.20722198486328 25840
1745757449277 80.00469207763672 25860
1745757458406 93.250244140625 25880
1745757467558 72.49964904785156 25900
1745757476731 82.00980377197266 25920
1745757486700 74.20691680908203 25940
1745757496236 82.00239562988281 25960
1745757505703 57.65589904785156 25980
1745757515967 87.63467407226562 26000
1745757525239 81.16586303710938 26020
1745757534727 61.39499282836914 26040
1745757544330 80.74122619628906 26060
1745757553523 66.11012268066406 26080
1745757561847 79.99116516113281 26100
1745757572076 61.87812042236328 26120
1745757581774 65.96217346191406 26140
1745757592119 71.96080017089844 26160
1745757600765 69.69021606445312 26180
1745757611375 74.7646255493164 26200
1745757620796 58.301544189453125 26220
1745757629515 60.63257598876953 26240
1745757639080 75.08171844482422 26260
1745757648180 58.98250198364258 26280
1745757657930 62.75882339477539 26300
1745757668099 70.76485443115234 26320
1745757677499 64.80292510986328 26340
1745757686744 75.17769622802734 26360
1745757696725 87.37547302246094 26380
1745757705733 50.40106201171875 26400
1745757714187 63.5984001159668 26420
1745757723457 68.69657897949219 26440
1745757734086 70.30944061279297 26460
1745757743853 65.64604949951172 26480
1745757752919 65.91731262207031 26500
1745757761945 77.46117401123047 26520
1745757771442 80.01365661621094 26540
1745757781341 79.03092193603516 26560
1745757790738 83.98843383789062 26580
1745757800309 69.93025970458984 26600
1745757809529 67.07345581054688 26620
1745757819480 72.64723205566406 26640
1745757828998 90.92073059082031 26660
1745757838558 74.10193634033203 26680
1745757846634 88.43685913085938 26700
1745757856457 74.07304382324219 26720
1745757866284 77.17691802978516 26740
1745757875992 63.46367645263672 26760
1745757886473 66.07794952392578 26780
1745757894844 72.15260314941406 26800
1745757904584 71.69974517822266 26820
1745757914719 61.690155029296875 26840
1745757924484 67.93463134765625 26860
1745757933344 82.86567687988281 26880
1745757943631 64.3045883178711 26900
1745757953674 76.9371109008789 26920
1745757961919 90.69749450683594 26940
1745757971805 68.40608215332031 26960
1745757980861 58.561805725097656 26980
1745757990712 79.97348022460938 27000
1745758000716 67.8598403930664 27020
1745758009742 74.00305938720703 27040
1745758019307 80.9102554321289 27060
1745758028759 74.61972045898438 27080
1745758038508 61.300350189208984 27100
1745758047152 71.83446502685547 27120
1745758055618 61.632694244384766 27140
1745758065509 57.277183532714844 27160
1745758074818 72.14368438720703 27180
1745758084215 62.89598083496094 27200
1745758093814 83.95802307128906 27220
1745758102183 86.78544616699219 27240
1745758113008 65.38372802734375 27260
1745758122825 72.56884002685547 27280
1745758132170 72.15370178222656 27300
1745758140026 60.31190872192383 27320
1745758151183 77.79681396484375 27340
1745758160260 73.76073455810547 27360
1745758169176 73.3235855102539 27380
1745758180152 61.14472961425781 27400
1745758189138 69.592529296875 27420
1745758199091 71.66800689697266 27440
1745758208367 75.4344253540039 27460
1745758218106 86.672607421875 27480
1745758227282 76.69730377197266 27500
1745758234552 61.62940216064453 27520
1745758245571 68.61685180664062 27540
1745758253895 74.76141357421875 27560
1745758261960 87.00440216064453 27580
1745758273053 68.1595230102539 27600
1745758282322 78.20628356933594 27620
1745758290617 74.52212524414062 27640
1745758300829 73.09535217285156 27660
1745758310760 77.96601104736328 27680
1745758320329 59.30030822753906 27700
1745758329813 73.029052734375 27720
1745758339364 76.19737243652344 27740
1745758348369 74.07319641113281 27760
1745758357530 72.59770202636719 27780
1745758367354 71.15056610107422 27800
1745758376117 80.42031860351562 27820
1745758385588 79.8377456665039 27840
1745758394162 68.4498519897461 27860
1745758404040 68.87368774414062 27880
1745758412646 69.07350158691406 27900
1745758423405 73.49161529541016 27920
1745758432611 76.48135375976562 27940
1745758442872 82.55303955078125 27960
1745758451594 67.58802032470703 27980
1745758461095 92.69181823730469 28000
1745758470163 77.4084243774414 28020
1745758480735 68.8516845703125 28040
1745758489701 82.01396179199219 28060
1745758498526 70.69817352294922 28080
1745758507908 66.07389068603516 28100
1745758518115 85.28236389160156 28120
1745758528135 70.54484558105469 28140
1745758536006 81.89724731445312 28160
1745758547186 73.08078002929688 28180
1745758557525 65.78475189208984 28200
1745758565819 63.39756393432617 28220
1745758575897 72.24668884277344 28240
1745758586254 70.08789825439453 28260
1745758596585 78.99661254882812 28280
1745758606241 86.34329223632812 28300
1745758614952 80.07368469238281 28320
1745758625986 71.4656753540039 28340
1745758634959 101.98992919921875 28360
1745758643646 78.64865112304688 28380
1745758654616 69.72991180419922 28400
1745758662571 70.43785095214844 28420
1745758673873 71.88916778564453 28440
1745758683475 65.30912780761719 28460
1745758691858 70.24687957763672 28480
1745758701691 60.19622802734375 28500
1745758710666 62.50762939453125 28520
1745758720582 79.3650894165039 28540
1745758729472 64.97674560546875 28560
1745758739214 66.80551147460938 28580
1745758747072 74.80194091796875 28600
1745758756812 72.91226196289062 28620
1745758767561 74.63973236083984 28640
1745758776588 77.39579010009766 28660
1745758785102 62.577674865722656 28680
1745758795123 77.85636138916016 28700
1745758804213 82.26664733886719 28720
1745758813814 82.11795806884766 28740
1745758823334 64.8585205078125 28760
1745758833058 84.15431213378906 28780
1745758842038 79.51139068603516 28800
1745758851875 62.064369201660156 28820
1745758861520 92.70918273925781 28840
1745758870300 64.30443572998047 28860
1745758879787 72.0139389038086 28880
1745758888912 78.33866119384766 28900
1745758898850 58.911991119384766 28920
1745758908892 93.29383087158203 28940
1745758918301 74.14669799804688 28960
1745758926925 51.27666473388672 28980
1745758937061 83.08271789550781 29000
1745758947228 87.74676513671875 29020
1745758956854 90.22195434570312 29040
1745758966181 69.42196655273438 29060
1745758974911 59.10807800292969 29080
1745758984097 74.12220001220703 29100
1745758992408 89.39596557617188 29120
1745759002085 65.64715576171875 29140
1745759011701 72.28480529785156 29160
1745759022129 91.5966796875 29180
1745759030179 79.12886810302734 29200
1745759040693 69.23722076416016 29220
1745759049715 79.32029724121094 29240
1745759059029 67.86500549316406 29260
1745759067650 82.73725891113281 29280
1745759077666 81.38664245605469 29300
1745759086501 95.27579498291016 29320
1745759096027 57.59326171875 29340
1745759106871 70.04206848144531 29360
1745759114103 75.63013458251953 29380
1745759123301 73.76258087158203 29400
1745759134142 82.56010437011719 29420
1745759144115 79.88606262207031 29440
1745759153332 79.73145294189453 29460
1745759162915 65.54098510742188 29480
1745759172177 69.1067886352539 29500
1745759182318 91.06817626953125 29520
1745759191895 46.963836669921875 29540
1745759199955 64.1905517578125 29560
1745759211014 62.06172180175781 29580
1745759220229 72.53450012207031 29600
1745759229890 71.42777252197266 29620
1745759239808 85.54586791992188 29640
1745759247986 78.37139892578125 29660
1745759258203 63.259735107421875 29680
1745759268306 75.93384552001953 29700
1745759277914 70.50845336914062 29720
1745759286331 78.44478607177734 29740
1745759297256 82.3316650390625 29760
1745759306149 83.93438720703125 29780
1745759314890 72.97241973876953 29800
1745759323152 75.42771911621094 29820
1745759333341 92.94757080078125 29840
1745759342950 62.739749908447266 29860
1745759352270 69.5572738647461 29880
1745759362923 73.70732116699219 29900
1745759371667 77.79607391357422 29920
1745759381534 67.34378051757812 29940
1745759391431 85.63116455078125 29960
1745759399575 57.32542037963867 29980
1745759409613 77.62797546386719 30000
1745759421582 76.02760314941406 30020
1745759430060 71.19424438476562 30040
1745759439273 76.67568969726562 30060
1745759449813 70.96078491210938 30080
1745759460291 68.13361358642578 30100
1745759468494 75.4751205444336 30120
1745759479107 56.321861267089844 30140
1745759487904 74.42898559570312 30160
1745759497255 67.9286117553711 30180
1745759507383 87.15254974365234 30200
1745759517039 62.96711730957031 30220
1745759526995 77.70771789550781 30240
1745759536074 89.15680694580078 30260
1745759545042 68.1593246459961 30280
1745759555111 84.78096008300781 30300
1745759565231 86.98020935058594 30320
1745759574166 77.5089111328125 30340
1745759584336 86.39129638671875 30360
1745759592770 89.97600555419922 30380
1745759602566 88.05242919921875 30400
1745759612299 65.4769287109375 30420
1745759622161 65.92967987060547 30440
1745759630733 65.533447265625 30460
1745759640692 75.13139343261719 30480
1745759649399 71.40267181396484 30500
1745759658732 75.40669250488281 30520
1745759667463 90.01496887207031 30540
1745759677796 75.04701232910156 30560
1745759687079 85.83260345458984 30580
1745759697242 76.76402282714844 30600
1745759705487 77.66804504394531 30620
1745759715665 79.86250305175781 30640
1745759723950 62.22755813598633 30660
1745759734360 86.51604461669922 30680
1745759744099 69.95808410644531 30700
1745759753688 75.31217956542969 30720
1745759763317 88.47618865966797 30740
1745759772183 70.22296142578125 30760
1745759782279 78.49365997314453 30780
1745759791990 66.65483093261719 30800
1745759800649 96.10655975341797 30820
1745759810967 72.70476531982422 30840
1745759819427 64.3416976928711 30860
1745759829397 80.20429992675781 30880
1745759838064 76.84770202636719 30900
1745759848556 67.4934310913086 30920
1745759856865 66.0423583984375 30940
1745759868368 63.98863220214844 30960
1745759876582 77.32183074951172 30980
1745759886850 57.80617141723633 31000
1745759896089 68.4847183227539 31020
1745759905169 82.50637817382812 31040
1745759915385 73.822265625 31060
1745759925361 66.5884017944336 31080
1745759933337 76.57484436035156 31100
1745759944285 64.45149230957031 31120
1745759952725 72.23721313476562 31140
1745759962945 78.08354949951172 31160
1745759972515 78.98104095458984 31180
1745759980789 72.35440063476562 31200
1745759990992 68.8622055053711 31220
1745760000774 80.62946319580078 31240
1745760010971 70.61298370361328 31260
1745760019898 79.89582061767578 31280
1745760028700 81.97879791259766 31300
1745760038448 80.52867889404297 31320
1745760048347 85.16402435302734 31340
1745760058853 73.93212127685547 31360
1745760068162 63.052703857421875 31380
1745760078063 74.31446838378906 31400
1745760087983 99.1904067993164 31420
1745760098035 71.512939453125 31440
1745760107792 74.6033935546875 31460
1745760115944 66.36221313476562 31480
1745760127164 87.33488464355469 31500
1745760135876 59.35191345214844 31520
1745760145342 69.2518310546875 31540
1745760155736 83.29409790039062 31560
1745760165045 78.07313537597656 31580
1745760173484 91.71141815185547 31600
1745760183181 88.96785736083984 31620
1745760193235 64.11936950683594 31640
1745760203738 83.83309173583984 31660
1745760213147 91.70891571044922 31680
1745760221769 76.09904479980469 31700
1745760231922 70.23272705078125 31720
1745760241156 62.678428649902344 31740
1745760251532 73.23333740234375 31760
1745760259998 75.359619140625 31780
1745760269845 66.5033950805664 31800
1745760280554 70.82368469238281 31820
1745760289277 69.97439575195312 31840
1745760299328 74.99348449707031 31860
1745760310324 87.2244873046875 31880
1745760319034 79.2716293334961 31900
1745760328686 75.6234359741211 31920
1745760338027 72.8648452758789 31940
1745760348678 78.3401870727539 31960
1745760357587 77.70401000976562 31980
1745760368149 79.54643249511719 32000
1745760377112 65.80046081542969 32020
1745760385477 82.81681823730469 32040
1745760395193 84.39314270019531 32060
1745760404973 76.31928253173828 32080
1745760414869 84.49468994140625 32100
1745760424812 69.31700897216797 32120
1745760434745 91.6623306274414 32140
1745760442730 79.2555923461914 32160
1745760452334 70.38558197021484 32180
1745760462628 76.12789154052734 32200
1745760471984 72.231201171875 32220
1745760481938 79.08244323730469 32240
1745760491377 67.82281494140625 32260
1745760501427 66.71151733398438 32280
1745760511626 77.97285461425781 32300
1745760520064 83.07025146484375 32320
1745760530803 84.05001831054688 32340
1745760540223 75.77388000488281 32360
1745760547741 84.02003479003906 32380
1745760558801 59.73113250732422 32400
1745760567679 79.94165802001953 32420
1745760578127 88.49537658691406 32440
1745760586589 88.89228820800781 32460
1745760596398 67.59207916259766 32480
1745760606924 84.80477142333984 32500
1745760616361 67.71025848388672 32520
1745760625173 58.923789978027344 32540
1745760634910 85.71651458740234 32560
1745760643436 86.67268371582031 32580
1745760653544 65.48560333251953 32600
1745760662519 66.28421020507812 32620
1745760671716 83.73170471191406 32640
1745760681238 101.88880157470703 32660
1745760691240 63.97986602783203 32680
1745760700052 69.1324691772461 32700
1745760708759 86.36890411376953 32720
1745760718721 85.55047607421875 32740
1745760728055 70.5596694946289 32760
1745760738633 83.83706665039062 32780
1745760747580 73.3915786743164 32800
1745760756880 85.90025329589844 32820
1745760767927 69.07769775390625 32840
1745760776091 71.39204406738281 32860
1745760785500 76.44001007080078 32880
1745760796247 80.46479797363281 32900
1745760805951 71.61674499511719 32920
1745760813542 83.38487243652344 32940
1745760823382 83.60935974121094 32960
1745760833342 86.42851257324219 32980
1745760843802 81.63299560546875 33000
1745760852146 70.39359283447266 33020
1745760862006 69.59184265136719 33040
1745760871900 73.80107879638672 33060
1745760881361 73.9012222290039 33080
1745760890972 76.4458236694336 33100
1745760900464 87.10559844970703 33120
1745760909750 81.05435180664062 33140
1745760918259 92.58584594726562 33160
1745760928072 65.08988189697266 33180
1745760937825 80.28900909423828 33200
1745760947717 76.51980590820312 33220
1745760957365 67.50942993164062 33240
1745760966652 64.92359161376953 33260
1745760976631 76.65118408203125 33280
1745760986406 79.46671295166016 33300
1745760996131 71.58011627197266 33320
1745761005271 79.86861419677734 33340
1745761014841 87.94770812988281 33360
1745761023487 71.95919036865234 33380
1745761033925 64.81171417236328 33400
1745761043244 64.49585723876953 33420
1745761052894 82.13130950927734 33440
1745761061374 84.60519409179688 33460
1745761072201 93.53759002685547 33480
1745761080202 73.68875122070312 33500
1745761090168 87.7275390625 33520
1745761099798 73.28936767578125 33540
1745761108708 66.11383056640625 33560
1745761118916 69.1720199584961 33580
1745761128815 59.98744201660156 33600
1745761136460 73.23280334472656 33620
1745761147110 82.27340698242188 33640
1745761157101 96.98597717285156 33660
1745761165544 78.70262908935547 33680
1745761176148 80.19603729248047 33700
1745761184677 77.15789031982422 33720
1745761194636 88.55513000488281 33740
1745761203050 86.97148132324219 33760
1745761213703 76.2263412475586 33780
1745761223377 57.13880920410156 33800
1745761232433 98.2919692993164 33820
1745761242132 82.56226348876953 33840
1745761251128 76.58927154541016 33860
1745761261140 81.39399719238281 33880
1745761270652 75.92720031738281 33900
1745761279246 71.90859985351562 33920
1745761290165 65.22328186035156 33940
1745761297480 105.2811508178711 33960
1745761307396 72.6870346069336 33980
1745761317618 83.08037567138672 34000
1745761327973 80.01839447021484 34020
1745761337337 81.45367431640625 34040
1745761345348 82.0084228515625 34060
1745761355102 57.843223571777344 34080
1745761364870 71.32849884033203 34100
1745761375202 90.37947845458984 34120
1745761384871 75.42162322998047 34140
1745761393085 77.09919738769531 34160
1745761403914 84.08405303955078 34180
1745761412618 82.3134994506836 34200
1745761423211 79.00584411621094 34220
1745761432136 64.94116973876953 34240
1745761440421 62.86783218383789 34260
1745761451221 80.09140014648438 34280
1745761461385 79.8135986328125 34300
1745761470211 77.76020812988281 34320
1745761480364 77.81580352783203 34340
1745761489761 71.52789306640625 34360
1745761498381 94.963623046875 34380
1745761507720 79.27234649658203 34400
1745761517571 77.87316131591797 34420
1745761527213 99.3479995727539 34440
1745761537922 78.63664245605469 34460
1745761547475 80.83540344238281 34480
1745761556867 82.28643798828125 34500
1745761564411 80.12980651855469 34520
1745761575852 84.36402130126953 34540
1745761585147 82.99465942382812 34560
1745761593967 100.76406860351562 34580
1745761606010 87.324462890625 34600
1745761614444 72.50777435302734 34620
1745761624589 71.83799743652344 34640
1745761634918 93.28703308105469 34660
1745761646441 71.13092803955078 34680
