1745745154922 0.6522663235664368 20
1745745162379 0.6276246905326843 40
1745745169338 0.6577410101890564 60
1745745177319 0.6689061522483826 80
1745745184550 0.7494961619377136 100
1745745190420 0.6698178052902222 120
1745745199455 0.767509400844574 140
1745745205629 0.7737182378768921 160
1745745212950 0.7610506415367126 180
1745745221433 0.7831191420555115 200
1745745228623 0.8787474036216736 220
1745745235701 0.8490896224975586 240
1745745243843 0.7817895412445068 260
1745745250413 0.7556179165840149 280
1745745257927 0.5855143666267395 300
1745745264202 0.8328001499176025 320
1745745272765 0.8099210858345032 340
1745745281160 0.8524705767631531 360
1745745288562 0.7132075428962708 380
1745745295577 0.7775568962097168 400
1745745303499 0.7995588183403015 420
1745745310820 1.0195603370666504 440
1745745317337 0.8224484324455261 460
1745745326366 0.7553873658180237 480
1745745333046 0.7170159220695496 500
1745745342226 0.7573434710502625 520
1745745349171 0.9298591017723083 540
1745745356289 0.9445710182189941 560
1745745364304 0.8784299492835999 580
1745745372327 0.9079245328903198 600
1745745379668 0.8224976062774658 620
1745745388009 0.883887529373169 640
1745745395777 0.8566486239433289 660
1745745403089 0.8630918860435486 680
1745745411356 0.9006191492080688 700
1745745417190 0.6407854557037354 720
1745745425565 0.7304386496543884 740
1745745433073 1.0105218887329102 760
1745745442151 0.9811612367630005 780
1745745448484 0.7638282775878906 800
1745745455734 1.2598679065704346 820
1745745463053 1.104474425315857 840
1745745472288 0.8701850175857544 860
1745745480050 1.052213191986084 880
1745745487931 0.7941370010375977 900
1745745494861 0.8614001870155334 920
1745745502712 1.1088939905166626 940
1745745509813 0.8744711875915527 960
1745745518020 0.9137039184570312 980
1745745526024 1.0244733095169067 1000
1745745534705 0.8022354245185852 1020
1745745541825 1.1840307712554932 1040
1745745548948 0.8453711271286011 1060
1745745556874 0.8886988759040833 1080
1745745564077 0.9754958748817444 1100
1745745573718 0.9714993238449097 1120
1745745581867 0.8511730432510376 1140
1745745589936 1.175987720489502 1160
1745745596631 0.988518238067627 1180
1745745603809 1.1840856075286865 1200
1745745612469 0.7459635138511658 1220
1745745621235 1.274749755859375 1240
1745745628628 1.0406365394592285 1260
1745745637616 1.0209099054336548 1280
1745745645547 0.9980469942092896 1300
1745745651709 0.785589873790741 1320
1745745659852 0.8486498594284058 1340
1745745667490 1.107184648513794 1360
1745745674321 1.0301066637039185 1380
1745745684208 1.0304356813430786 1400
1745745691906 1.03616201877594 1420
1745745699102 1.1631869077682495 1440
1745745706998 0.9353585243225098 1460
1745745715122 1.1266006231307983 1480
1745745722632 1.0531631708145142 1500
1745745729943 1.344447135925293 1520
1745745737774 1.1016684770584106 1540
1745745746191 0.9233265519142151 1560
1745745753601 1.1299338340759277 1580
1745745760796 1.1901880502700806 1600
1745745769248 0.7719051241874695 1620
1745745776869 1.2715009450912476 1640
1745745785484 1.1603707075119019 1660
1745745792401 1.1240150928497314 1680
1745745800915 1.0956065654754639 1700
1745745808554 1.130475401878357 1720
1745745817100 1.210997462272644 1740
1745745825086 1.1238924264907837 1760
1745745832858 0.8687683343887329 1780
1745745841409 1.2217670679092407 1800
1745745848831 0.9294700622558594 1820
1745745855706 0.9323840737342834 1840
1745745864147 1.1821712255477905 1860
1745745872534 1.0145643949508667 1880
1745745879374 1.066367268562317 1900
1745745888327 1.0099196434020996 1920
1745745896188 0.9045687913894653 1940
1745745904155 1.2449429035186768 1960
1745745912482 1.1234207153320312 1980
1745745919838 1.300266146659851 2000
1745745928436 1.1057432889938354 2020
1745745936962 1.0654009580612183 2040
1745745944611 1.0218777656555176 2060
1745745952517 1.238043189048767 2080
1745745960772 1.1649279594421387 2100
1745745968086 1.0807572603225708 2120
1745745975974 1.236519694328308 2140
1745745984443 1.0820956230163574 2160
1745745992099 0.9487130045890808 2180
1745746000402 1.046534538269043 2200
1745746008574 1.235446572303772 2220
1745746016823 1.1119650602340698 2240
1745746025078 1.0332627296447754 2260
1745746033671 1.4441157579421997 2280
1745746041700 1.2338048219680786 2300
1745746048376 1.1298884153366089 2320
1745746056286 1.0717164278030396 2340
1745746065157 1.0466582775115967 2360
1745746072394 1.103840947151184 2380
1745746080995 1.0023938417434692 2400
1745746089498 1.1100865602493286 2420
1745746097296 1.0891034603118896 2440
1745746106412 1.173028588294983 2460
1745746113983 1.1304974555969238 2480
1745746121742 1.1849313974380493 2500
1745746131043 1.4645253419876099 2520
1745746139591 1.4385018348693848 2540
1745746147921 1.2187095880508423 2560
1745746155534 1.294482707977295 2580
1745746163782 1.1965545415878296 2600
1745746171793 1.2854433059692383 2620
1745746180508 1.4647138118743896 2640
1745746188637 1.241723656654358 2660
1745746197226 1.3672401905059814 2680
1745746206348 0.9631301760673523 2700
1745746213583 0.9564527869224548 2720
1745746221499 0.9488971829414368 2740
1745746229807 1.3788330554962158 2760
1745746238046 0.9128269553184509 2780
1745746246202 1.120337724685669 2800
1745746255373 1.0096012353897095 2820
1745746262175 1.3462997674942017 2840
1745746271263 1.1534024477005005 2860
1745746278820 1.0125921964645386 2880
1745746286896 0.9634994864463806 2900
1745746295021 1.3188029527664185 2920
1745746304656 1.3460769653320312 2940
1745746311270 1.3921120166778564 2960
1745746320556 1.3845469951629639 2980
1745746327800 1.2784348726272583 3000
1745746336427 1.4020817279815674 3020
1745746344612 1.1152132749557495 3040
1745746352729 1.1592679023742676 3060
1745746361101 1.1302634477615356 3080
1745746369353 1.0940024852752686 3100
1745746377757 1.0491021871566772 3120
1745746385162 1.0998367071151733 3140
1745746394127 1.0568097829818726 3160
1745746402254 1.077598214149475 3180
1745746412005 1.2297190427780151 3200
1745746421023 1.1695996522903442 3220
1745746428681 1.015549659729004 3240
1745746437941 1.2458502054214478 3260
1745746445726 0.8460366725921631 3280
1745746454811 1.0567456483840942 3300
1745746462009 1.1355531215667725 3320
1745746471413 1.1577106714248657 3340
1745746478861 1.2960604429244995 3360
1745746487099 1.2498646974563599 3380
1745746494727 1.3462175130844116 3400
1745746503949 1.2504279613494873 3420
1745746511691 1.4504221677780151 3440
1745746521149 1.2583330869674683 3460
1745746528814 1.1803058385849 3480
1745746535760 1.2664892673492432 3500
1745746544480 1.0089364051818848 3520
1745746553200 0.9034126996994019 3540
1745746562127 1.3235664367675781 3560
1745746569739 1.0468908548355103 3580
1745746577529 0.8927838206291199 3600
1745746585904 1.3130728006362915 3620
1745746594513 1.2294992208480835 3640
1745746601843 1.2808418273925781 3660
1745746611257 1.1871235370635986 3680
1745746619907 1.2249655723571777 3700
1745746627593 1.267694354057312 3720
1745746636225 1.2811903953552246 3740
1745746644350 1.1780898571014404 3760
1745746652662 0.8127821087837219 3780
1745746660883 1.2712903022766113 3800
1745746669810 0.8727302551269531 3820
1745746677842 1.5748177766799927 3840
1745746686202 0.963194727897644 3860
1745746693249 1.1773147583007812 3880
1745746702436 1.2567613124847412 3900
1745746710153 1.1034350395202637 3920
1745746719057 1.464136004447937 3940
1745746728002 1.2604715824127197 3960
1745746735277 1.242018699645996 3980
1745746743298 1.349138855934143 4000
1745746752489 1.618333101272583 4020
1745746760296 1.2225316762924194 4040
1745746767585 1.1996992826461792 4060
1745746776716 1.2066205739974976 4080
1745746785699 1.4180008172988892 4100
1745746792673 1.248241662979126 4120
1745746801134 1.5282224416732788 4140
1745746809924 1.6593166589736938 4160
1745746817330 1.253257393836975 4180
1745746827281 1.183615803718567 4200
1745746835406 1.4313539266586304 4220
1745746844082 1.0336860418319702 4240
1745746851514 1.3846838474273682 4260
1745746860373 1.4389610290527344 4280
1745746869028 1.4184901714324951 4300
1745746876550 1.5933737754821777 4320
1745746885752 1.6845149993896484 4340
1745746894147 1.617605209350586 4360
1745746901705 1.1140103340148926 4380
1745746910531 1.505107045173645 4400
1745746918376 1.400212049484253 4420
1745746927226 1.232370376586914 4440
1745746934884 1.3102710247039795 4460
1745746942869 1.536805510520935 4480
1745746951318 1.2918949127197266 4500
1745746957966 1.4636260271072388 4520
1745746966501 1.4617563486099243 4540
1745746976252 1.1911838054656982 4560
1745746984822 1.336611032485962 4580
1745746993657 1.4674383401870728 4600
1745747000664 1.0122610330581665 4620
1745747009083 1.4705010652542114 4640
1745747017437 1.6059147119522095 4660
1745747025865 1.410232663154602 4680
1745747033432 1.5111138820648193 4700
1745747041929 1.6174519062042236 4720
1745747051254 1.658826231956482 4740
1745747058039 1.4466123580932617 4760
1745747066298 1.6252882480621338 4780
1745747074682 1.522579550743103 4800
1745747082885 1.3113679885864258 4820
1745747091058 1.1337709426879883 4840
1745747100338 1.6527498960494995 4860
1745747108303 1.2554161548614502 4880
1745747116506 1.4301151037216187 4900
1745747124413 1.9232853651046753 4920
1745747133250 1.954012393951416 4940
1745747141769 1.54917573928833 4960
1745747149681 1.7112793922424316 4980
1745747157853 1.2617146968841553 5000
1745747166001 1.4254199266433716 5020
1745747173932 2.0509095191955566 5040
1745747182667 1.6495705842971802 5060
1745747191419 1.9415616989135742 5080
1745747198512 1.0989207029342651 5100
1745747207904 1.5554479360580444 5120
1745747215390 1.888807773590088 5140
1745747223744 1.3167822360992432 5160
1745747232738 1.2117080688476562 5180
1745747240707 1.2975671291351318 5200
1745747249493 1.3542985916137695 5220
1745747257304 1.4235185384750366 5240
1745747266137 1.5035347938537598 5260
1745747273501 1.8109058141708374 5280
1745747280542 2.040853261947632 5300
1745747289543 1.4786163568496704 5320
1745747298048 1.6451741456985474 5340
1745747306876 1.7572294473648071 5360
1745747315061 1.3054038286209106 5380
1745747323587 1.992743968963623 5400
1745747331541 2.080150842666626 5420
1745747340030 1.3125624656677246 5440
1745747348474 1.7219388484954834 5460
1745747357798 2.1785571575164795 5480
1745747367005 1.479834794998169 5500
1745747373854 1.9909775257110596 5520
1745747382986 1.68765389919281 5540
1745747391693 1.7342711687088013 5560
1745747400054 1.648462176322937 5580
1745747408774 1.590394139289856 5600
1745747417679 1.3668043613433838 5620
1745747425380 2.009627103805542 5640
1745747434270 1.5101243257522583 5660
1745747441844 1.9703447818756104 5680
1745747451049 1.4613181352615356 5700
1745747459032 1.6127121448516846 5720
1745747467989 1.089370846748352 5740
1745747476379 1.7324918508529663 5760
1745747483951 1.2779678106307983 5780
1745747493253 1.2091838121414185 5800
1745747501597 1.756927490234375 5820
1745747510205 1.6857585906982422 5840
1745747517707 1.8752822875976562 5860
1745747526374 1.6327439546585083 5880
1745747534170 1.6607459783554077 5900
1745747543078 1.7738676071166992 5920
1745747551864 1.5485420227050781 5940
1745747559068 2.033160924911499 5960
1745747567611 1.732775330543518 5980
1745747576194 1.5810363292694092 6000
1745747584446 1.9477640390396118 6020
1745747592849 2.2114176750183105 6040
1745747600532 1.6297155618667603 6060
1745747609855 1.442620038986206 6080
1745747618526 1.4772306680679321 6100
1745747625916 1.5594383478164673 6120
1745747634747 1.8070918321609497 6140
1745747642917 1.7357641458511353 6160
1745747650712 1.8703991174697876 6180
1745747659407 1.5649970769882202 6200
1745747667866 1.7731274366378784 6220
1745747675180 1.6954419612884521 6240
1745747685445 1.6532258987426758 6260
1745747692597 1.9279636144638062 6280
1745747700289 1.6276066303253174 6300
1745747708984 2.0472218990325928 6320
1745747717238 1.958947777748108 6340
1745747725255 2.1556456089019775 6360
1745747734390 1.731009602546692 6380
1745747743078 1.7983548641204834 6400
1745747750783 1.7003166675567627 6420
1745747759035 1.837586760520935 6440
1745747767763 1.2493666410446167 6460
1745747776024 1.9062695503234863 6480
1745747783907 1.8251969814300537 6500
1745747792656 2.2059671878814697 6520
1745747800807 1.4020613431930542 6540
1745747809826 2.321958065032959 6560
1745747819909 1.4522773027420044 6580
1745747828677 2.1839308738708496 6600
1745747836524 1.5397502183914185 6620
1745747845022 2.091033935546875 6640
1745747853235 1.1692558526992798 6660
1745747861932 2.061535596847534 6680
1745747868740 1.6903979778289795 6700
1745747878705 2.2951481342315674 6720
1745747886562 2.1045022010803223 6740
1745747894634 1.743124008178711 6760
1745747903218 1.7603399753570557 6780
1745747910804 2.290147542953491 6800
1745747920914 2.02524995803833 6820
1745747928664 2.1514523029327393 6840
1745747936693 1.7552951574325562 6860
1745747945987 2.0136868953704834 6880
1745747954956 1.8037264347076416 6900
1745747963430 2.152653932571411 6920
1745747971922 2.0662307739257812 6940
1745747981037 1.5015267133712769 6960
1745747988751 1.8271701335906982 6980
1745747997417 1.7021883726119995 7000
1745748006502 1.9133710861206055 7020
1745748015262 1.2775577306747437 7040
1745748023078 2.1349143981933594 7060
1745748031333 1.7343411445617676 7080
1745748039861 1.9326575994491577 7100
1745748047467 2.170616865158081 7120
1745748056295 1.8650591373443604 7140
1745748064246 2.6254382133483887 7160
1745748073079 1.8921680450439453 7180
1745748081000 1.7204413414001465 7200
1745748088803 1.4285573959350586 7220
1745748097444 2.041585922241211 7240
1745748104894 2.628155469894409 7260
1745748113908 2.0966126918792725 7280
1745748123373 2.2237460613250732 7300
1745748130321 1.835504412651062 7320
1745748138314 1.3558740615844727 7340
1745748146910 1.7723958492279053 7360
1745748155803 1.362964391708374 7380
1745748164296 1.7759861946105957 7400
1745748173275 1.552138328552246 7420
1745748181577 1.881006121635437 7440
1745748189537 1.715315580368042 7460
1745748198059 1.944576621055603 7480
1745748205408 2.388911724090576 7500
1745748213344 2.054711103439331 7520
1745748223111 1.804627776145935 7540
1745748231939 1.6911437511444092 7560
1745748240335 1.7012890577316284 7580
1745748248191 2.0335724353790283 7600
1745748256957 1.6473897695541382 7620
1745748264166 1.8454737663269043 7640
1745748272983 2.045808792114258 7660
1745748281305 1.8539643287658691 7680
1745748289737 1.6883875131607056 7700
1745748298640 1.2407864332199097 7720
1745748305938 1.3869279623031616 7740
1745748314223 1.5597766637802124 7760
1745748323504 1.635783314704895 7780
1745748333124 1.664185643196106 7800
1745748341278 2.673295736312866 7820
1745748348677 1.5992839336395264 7840
1745748358453 2.707183837890625 7860
1745748365592 1.5113208293914795 7880
1745748374989 2.1359763145446777 7900
1745748382472 2.434387445449829 7920
1745748391694 1.729353666305542 7940
1745748399042 2.996412515640259 7960
1745748406930 1.9664016962051392 7980
1745748416586 2.5238962173461914 8000
1745748423928 2.239851236343384 8020
1745748432799 1.979690432548523 8040
1745748441233 1.7554491758346558 8060
1745748449385 1.2525798082351685 8080
1745748456793 1.4483193159103394 8100
1745748465583 2.041524887084961 8120
1745748474098 1.706475019454956 8140
1745748482976 1.8167575597763062 8160
1745748490126 1.776843547821045 8180
1745748498634 2.2643887996673584 8200
1745748507572 1.8248522281646729 8220
1745748516354 1.7546327114105225 8240
1745748524268 2.4944961071014404 8260
1745748532394 1.665720820426941 8280
1745748540742 1.1930116415023804 8300
1745748550071 1.866607666015625 8320
1745748557239 1.629345417022705 8340
1745748566084 1.7067500352859497 8360
1745748574304 2.049936056137085 8380
1745748583070 2.005352735519409 8400
1745748591847 1.972555160522461 8420
1745748599744 1.6303123235702515 8440
1745748607729 1.6057628393173218 8460
1745748615615 2.286686897277832 8480
1745748624320 1.8430991172790527 8500
1745748632494 1.7989131212234497 8520
1745748641887 1.5550551414489746 8540
1745748649954 2.216214895248413 8560
1745748657882 2.539318084716797 8580
1745748666413 1.8281471729278564 8600
1745748674756 1.9441851377487183 8620
1745748682531 2.3395655155181885 8640
1745748691677 1.8731694221496582 8660
1745748699715 2.444064140319824 8680
1745748706976 2.5003819465637207 8700
1745748716577 1.612549901008606 8720
1745748725157 2.2685577869415283 8740
1745748732542 1.9370990991592407 8760
1745748741473 1.779844045639038 8780
1745748750556 1.531674861907959 8800
1745748757837 1.3651646375656128 8820
1745748766468 1.5884687900543213 8840
1745748774796 1.9144011735916138 8860
1745748783844 2.0383570194244385 8880
1745748792503 1.5306391716003418 8900
1745748801298 2.3947885036468506 8920
1745748809579 1.8119317293167114 8940
1745748817694 2.090087652206421 8960
1745748826405 2.3002827167510986 8980
1745748834139 1.830503225326538 9000
1745748843112 2.2428853511810303 9020
1745748850470 2.4872169494628906 9040
1745748859180 1.9999504089355469 9060
1745748869371 1.4638577699661255 9080
1745748877032 2.0308778285980225 9100
1745748884701 1.7507894039154053 9120
1745748892841 1.6588493585586548 9140
1745748902680 2.5018603801727295 9160
1745748910571 1.9463914632797241 9180
1745748918921 1.4518846273422241 9200
1745748926445 2.240412473678589 9220
1745748934660 1.5957679748535156 9240
1745748942887 2.9061665534973145 9260
1745748951693 2.718733787536621 9280
1745748958366 1.9340237379074097 9300
1745748968054 2.0635979175567627 9320
1745748976804 2.4089367389678955 9340
1745748983885 1.9866598844528198 9360
1745748993071 2.262850046157837 9380
1745749000236 1.6115654706954956 9400
1745749009156 2.3468472957611084 9420
1745749018022 1.6080924272537231 9440
1745749026494 1.7124577760696411 9460
1745749035318 2.2923004627227783 9480
1745749042369 2.6833367347717285 9500
1745749050415 1.6929197311401367 9520
1745749059771 1.3029314279556274 9540
1745749067519 1.3469984531402588 9560
1745749075641 2.3435394763946533 9580
1745749084514 1.3456405401229858 9600
1745749093136 2.562227725982666 9620
1745749099683 1.9683789014816284 9640
1745749108928 1.620583176612854 9660
1745749116237 1.7168543338775635 9680
1745749125725 1.9614773988723755 9700
1745749134142 1.9717521667480469 9720
1745749141862 1.7248855829238892 9740
1745749150139 1.7422508001327515 9760
1745749158501 1.9682496786117554 9780
1745749165783 1.5184760093688965 9800
1745749174824 1.9484039545059204 9820
1745749183653 2.28713059425354 9840
1745749192779 2.3156661987304688 9860
1745749201228 2.2960054874420166 9880
1745749208430 3.35858154296875 9900
1745749217534 2.0931758880615234 9920
1745749226510 1.2458851337432861 9940
1745749234871 2.3941919803619385 9960
1745749243462 1.9713419675827026 9980
1745749250717 2.03944730758667 10000
1745749263500 2.265028476715088 10020
1745749271921 1.9233741760253906 10040
1745749279693 1.782132863998413 10060
1745749288717 1.9391769170761108 10080
1745749296184 2.033193349838257 10100
1745749305355 1.9485503435134888 10120
1745749314154 2.9314703941345215 10140
1745749322064 1.8790022134780884 10160
1745749329158 2.771775484085083 10180
1745749338608 1.9400168657302856 10200
1745749347413 2.2958974838256836 10220
1745749355263 2.1626744270324707 10240
1745749363886 2.202906370162964 10260
1745749372751 1.8283884525299072 10280
1745749381294 1.9915145635604858 10300
1745749388822 1.5664594173431396 10320
1745749398178 2.2170422077178955 10340
1745749406182 2.6210591793060303 10360
1745749415585 2.2653448581695557 10380
1745749423908 1.6960793733596802 10400
1745749432774 2.323964834213257 10420
1745749440936 2.042184591293335 10440
1745749450062 2.100566864013672 10460
1745749460167 2.024052143096924 10480
1745749467794 2.1050591468811035 10500
1745749477333 1.956944227218628 10520
1745749485425 2.7907066345214844 10540
1745749493498 1.7114187479019165 10560
1745749501364 2.4144082069396973 10580
1745749510347 2.111654281616211 10600
1745749518988 2.8521411418914795 10620
1745749525827 1.773384928703308 10640
1745749534703 2.0517373085021973 10660
1745749543344 2.6032509803771973 10680
1745749551102 2.9072725772857666 10700
1745749559631 2.4489903450012207 10720
1745749568988 1.4401323795318604 10740
1745749577692 1.8732101917266846 10760
1745749586032 2.6811699867248535 10780
1745749593852 1.680469036102295 10800
1745749601727 2.0486412048339844 10820
1745749610477 2.0082266330718994 10840
1745749619488 2.5384438037872314 10860
1745749627478 1.593082308769226 10880
1745749636792 1.918415904045105 10900
1745749644816 2.2511415481567383 10920
1745749653258 1.7142671346664429 10940
1745749660424 2.408460855484009 10960
1745749669446 1.5182392597198486 10980
1745749679128 1.9983220100402832 11000
1745749686770 3.1941232681274414 11020
1745749694088 1.8281137943267822 11040
1745749702588 2.898519992828369 11060
1745749712119 2.2245447635650635 11080
1745749719810 1.445381760597229 11100
1745749729198 1.9598071575164795 11120
1745749737616 2.0158772468566895 11140
1745749745031 2.6114718914031982 11160
1745749753483 2.4056994915008545 11180
1745749762774 2.2689528465270996 11200
1745749770868 1.9225291013717651 11220
1745749779414 1.4855149984359741 11240
1745749788094 2.262031078338623 11260
1745749796364 1.9664095640182495 11280
1745749805767 2.550554037094116 11300
1745749812809 2.667768716812134 11320
1745749823088 1.9007946252822876 11340
1745749831341 3.0593979358673096 11360
1745749840471 2.374227285385132 11380
1745749848187 1.7664244174957275 11400
1745749856171 2.369000196456909 11420
1745749865235 1.2593891620635986 11440
1745749873509 2.117119789123535 11460
1745749882413 1.9606831073760986 11480
1745749891541 1.4767611026763916 11500
1745749899877 1.955199956893921 11520
1745749908196 1.3857901096343994 11540
1745749916463 2.559878349304199 11560
1745749925793 2.328188896179199 11580
1745749934401 1.879721760749817 11600
1745749941752 2.545670747756958 11620
1745749951278 2.2537972927093506 11640
1745749960067 1.6336606740951538 11660
1745749968119 3.0867481231689453 11680
1745749977095 2.4237608909606934 11700
1745749985074 2.232591152191162 11720
1745749993891 2.6903154850006104 11740
1745750002109 2.0962376594543457 11760
1745750010176 2.545307159423828 11780
1745750018409 1.2317613363265991 11800
1745750027147 2.1012258529663086 11820
1745750035076 2.4413037300109863 11840
1745750043520 2.327805280685425 11860
1745750051479 2.3624305725097656 11880
1745750061334 2.9218719005584717 11900
1745750068388 2.2755377292633057 11920
1745750077003 2.6513447761535645 11940
1745750085101 1.858040452003479 11960
1745750093738 1.843813419342041 11980
1745750101485 2.199965238571167 12000
1745750110934 1.7433282136917114 12020
1745750119731 1.4188921451568604 12040
1745750127890 1.8066273927688599 12060
1745750136479 2.3394410610198975 12080
1745750144163 2.0769193172454834 12100
1745750153828 2.6523818969726562 12120
1745750161687 2.3785650730133057 12140
1745750169726 2.5119333267211914 12160
1745750179030 2.7214529514312744 12180
1745750186727 2.029972553253174 12200
1745750194892 2.442486047744751 12220
1745750204617 2.1843507289886475 12240
1745750212697 1.714608073234558 12260
1745750220740 2.569664716720581 12280
1745750230121 2.503787040710449 12300
1745750237232 2.2163472175598145 12320
1745750246079 2.268456220626831 12340
1745750254551 2.440673351287842 12360
1745750263168 1.7916010618209839 12380
1745750271920 2.469799280166626 12400
1745750280932 2.7466328144073486 12420
1745750288256 2.5121355056762695 12440
1745750296973 1.8757623434066772 12460
1745750305574 1.4995872974395752 12480
1745750312825 2.516758918762207 12500
1745750320944 2.6262259483337402 12520
1745750330748 2.0653882026672363 12540
1745750339100 3.204134702682495 12560
1745750346976 2.2967281341552734 12580
1745750355958 3.2226688861846924 12600
1745750364404 1.4814708232879639 12620
1745750372984 2.185107469558716 12640
1745750380770 1.9331436157226562 12660
1745750389084 3.183927059173584 12680
1745750395562 2.2491722106933594 12700
1745750405004 2.350541591644287 12720
1745750414334 1.3950157165527344 12740
1745750421712 2.4187896251678467 12760
1745750430360 2.419804811477661 12780
1745750439707 1.6841429471969604 12800
1745750447433 1.8526779413223267 12820
1745750455767 2.9449498653411865 12840
1745750463248 2.3134961128234863 12860
1745750472179 2.7229976654052734 12880
1745750480689 3.192354679107666 12900
1745750488799 1.8846664428710938 12920
1745750496590 2.8151161670684814 12940
1745750505576 2.4835901260375977 12960
1745750514417 2.345460891723633 12980
1745750522597 2.3214125633239746 13000
1745750530532 2.396742105484009 13020
1745750540183 1.810828447341919 13040
1745750549413 2.301013231277466 13060
1745750557471 2.0022130012512207 13080
1745750565768 1.8341501951217651 13100
1745750573510 1.3629682064056396 13120
1745750581278 1.524926781654358 13140
1745750590454 1.8815587759017944 13160
1745750601068 1.5823723077774048 13180
1745750608411 2.471588134765625 13200
1745750617455 2.0674872398376465 13220
1745750624847 1.8633214235305786 13240
1745750633872 1.4933412075042725 13260
1745750641143 2.5337464809417725 13280
1745750650031 2.3631136417388916 13300
1745750658594 3.0251762866973877 13320
1745750666879 2.912837505340576 13340
1745750675431 2.0246598720550537 13360
1745750684469 2.2996013164520264 13380
1745750692942 2.2569048404693604 13400
1745750701754 2.917255163192749 13420
1745750709761 2.6355111598968506 13440
1745750717788 2.1471314430236816 13460
1745750727078 2.1449103355407715 13480
1745750735243 2.180908441543579 13500
1745750743596 1.6722385883331299 13520
1745750752350 2.2559690475463867 13540
1745750761152 3.2261924743652344 13560
1745750768399 1.8129817247390747 13580
1745750776511 2.2418878078460693 13600
1745750785714 1.3689827919006348 13620
1745750794296 2.623631477355957 13640
1745750801676 2.4876060485839844 13660
1745750811044 2.41552734375 13680
1745750820564 2.1707370281219482 13700
1745750827849 1.8967618942260742 13720
1745750836915 2.4995882511138916 13740
1745750845481 2.7603602409362793 13760
1745750853881 2.760047435760498 13780
1745750863301 1.9344089031219482 13800
1745750872183 2.08384108543396 13820
1745750880436 1.246329426765442 13840
1745750887398 2.592784881591797 13860
1745750895805 2.6102609634399414 13880
1745750905306 2.459930419921875 13900
1745750914130 2.268751621246338 13920
1745750921134 2.2967336177825928 13940
1745750930768 1.8152271509170532 13960
1745750938700 1.7073255777359009 13980
1745750947810 1.5359035730361938 14000
1745750956085 2.6264753341674805 14020
1745750965983 2.425203800201416 14040
1745750973931 2.251065969467163 14060
1745750982913 2.3175830841064453 14080
1745750991285 1.2212145328521729 14100
1745750999540 3.0449869632720947 14120
1745751007762 2.300008773803711 14140
1745751017250 1.8643652200698853 14160
1745751025344 2.0903613567352295 14180
1745751034829 2.2887935638427734 14200
1745751042368 2.7349929809570312 14220
1745751050837 2.090909719467163 14240
1745751059348 2.7030744552612305 14260
1745751067735 2.2645697593688965 14280
1745751076729 3.1792104244232178 14300
1745751085332 2.1663143634796143 14320
1745751093518 2.511533498764038 14340
1745751101611 2.9940345287323 14360
1745751109864 2.3242781162261963 14380
1745751117334 1.470738410949707 14400
1745751126382 2.6933908462524414 14420
1745751134945 2.6383063793182373 14440
1745751141913 2.5796456336975098 14460
1745751150817 2.073303699493408 14480
1745751159050 1.9765180349349976 14500
1745751167709 2.5504367351531982 14520
1745751176813 2.605639696121216 14540
1745751184302 2.471529960632324 14560
1745751193896 1.9761773347854614 14580
1745751201582 2.8597238063812256 14600
1745751209811 2.2080771923065186 14620
1745751218252 2.2752902507781982 14640
1745751227793 2.867828130722046 14660
1745751236606 2.688554286956787 14680
1745751245612 2.420320749282837 14700
1745751252965 2.312875509262085 14720
1745751261055 1.7210317850112915 14740
1745751270982 3.0286898612976074 14760
1745751278590 2.814391851425171 14780
1745751287602 2.2692971229553223 14800
1745751296616 2.304492712020874 14820
1745751304341 2.1621556282043457 14840
1745751312694 2.6501710414886475 14860
1745751320717 2.4567012786865234 14880
1745751329951 3.0482170581817627 14900
1745751338332 2.9447693824768066 14920
1745751345411 2.681501865386963 14940
1745751355410 2.4180338382720947 14960
1745751364523 1.4764010906219482 14980
1745751371783 2.8070504665374756 15000
1745751380266 2.910409688949585 15020
1745751389051 2.9274191856384277 15040
1745751396537 2.0302371978759766 15060
1745751405887 2.047926425933838 15080
1745751414786 2.740222454071045 15100
1745751423326 2.5068154335021973 15120
1745751430774 2.924243450164795 15140
1745751440421 2.372541904449463 15160
1745751447444 2.396684169769287 15180
1745751456620 2.673482656478882 15200
1745751466252 2.807783365249634 15220
1745751473943 1.8562575578689575 15240
1745751482954 2.460662603378296 15260
1745751491732 3.015544891357422 15280
1745751499984 2.5208284854888916 15300
1745751507257 2.4997451305389404 15320
1745751515739 1.8965147733688354 15340
1745751524974 1.8915259838104248 15360
1745751533256 1.8275777101516724 15380
1745751540809 2.8284761905670166 15400
1745751550019 2.4679741859436035 15420
1745751558125 1.9224178791046143 15440
1745751566496 1.8919026851654053 15460
1745751575802 2.0003180503845215 15480
1745751582761 2.316150426864624 15500
1745751591909 2.6027984619140625 15520
1745751600034 2.9437508583068848 15540
1745751608741 2.582763671875 15560
1745751618139 3.5801467895507812 15580
1745751626106 2.8587470054626465 15600
1745751636009 2.8911166191101074 15620
1745751644528 2.830981969833374 15640
1745751653927 3.2133095264434814 15660
1745751662595 1.8352619409561157 15680
1745751671242 2.5921342372894287 15700
1745751679233 2.70086669921875 15720
1745751688133 1.5501158237457275 15740
1745751695439 2.1647584438323975 15760
1745751704850 2.556396484375 15780
1745751712317 2.3836491107940674 15800
1745751721002 2.5701615810394287 15820
1745751729782 2.4821832180023193 15840
1745751737901 1.9572757482528687 15860
1745751746362 2.7465078830718994 15880
1745751755183 2.143237829208374 15900
1745751763391 1.9755916595458984 15920
1745751771722 2.3583486080169678 15940
1745751780329 2.2739768028259277 15960
1745751788611 2.7301626205444336 15980
1745751797875 2.3012428283691406 16000
1745751805761 2.5621256828308105 16020
1745751814001 1.8596373796463013 16040
1745751822181 2.577199935913086 16060
1745751830784 2.000511646270752 16080
1745751839293 2.0553016662597656 16100
1745751848509 2.3539822101593018 16120
1745751855604 2.619878053665161 16140
1745751864166 2.2993814945220947 16160
1745751872362 1.9393876791000366 16180
1745751880892 2.5753512382507324 16200
1745751890235 1.930565357208252 16220
1745751898687 1.9708484411239624 16240
1745751907594 3.024317741394043 16260
1745751916236 3.082643747329712 16280
1745751924384 2.8925957679748535 16300
1745751933825 2.4579358100891113 16320
1745751941949 2.2863810062408447 16340
1745751950339 2.1573898792266846 16360
1745751959645 2.6689414978027344 16380
1745751967861 2.5472443103790283 16400
1745751975943 3.093101739883423 16420
1745751984449 2.3230788707733154 16440
1745751993082 2.1540114879608154 16460
1745752003154 2.299978256225586 16480
1745752010252 2.214372396469116 16500
1745752020451 2.307821273803711 16520
1745752028213 3.15061092376709 16540
1745752035768 3.1710104942321777 16560
1745752044407 3.0052647590637207 16580
1745752053044 2.761415481567383 16600
1745752062411 2.3555643558502197 16620
1745752071241 2.674143075942993 16640
1745752079231 3.0287628173828125 16660
1745752087568 2.650857925415039 16680
1745752095800 2.4173319339752197 16700
1745752104207 2.1189284324645996 16720
1745752113208 1.9864025115966797 16740
1745752120800 3.1377532482147217 16760
1745752129989 3.2302515506744385 16780
1745752137723 2.1235718727111816 16800
1745752146627 2.350722074508667 16820
1745752155447 2.654568672180176 16840
1745752164118 2.8920421600341797 16860
1745752171749 2.4872310161590576 16880
1745752180902 2.592928647994995 16900
1745752189650 2.2765438556671143 16920
1745752197755 2.752349615097046 16940
1745752205595 2.127690076828003 16960
1745752214944 2.752490758895874 16980
1745752222651 2.379153251647949 17000
1745752232034 2.194228172302246 17020
1745752239579 2.7864816188812256 17040
1745752248584 2.4319770336151123 17060
1745752258015 1.8708499670028687 17080
1745752265800 2.246945381164551 17100
1745752273880 2.1068215370178223 17120
1745752283299 2.0109875202178955 17140
1745752290801 2.4503211975097656 17160
1745752300419 3.183756113052368 17180
1745752308532 2.7531793117523193 17200
1745752317367 1.8134372234344482 17220
1745752323952 2.5870578289031982 17240
1745752333769 1.8502118587493896 17260
1745752342758 2.8792383670806885 17280
1745752350087 2.676819086074829 17300
1745752357881 1.4882999658584595 17320
1745752366426 2.577007532119751 17340
1745752375559 2.6754889488220215 17360
1745752383703 2.805372476577759 17380
1745752392075 2.552733898162842 17400
1745752400334 1.637682557106018 17420
1745752407731 2.2305097579956055 17440
1745752416603 2.7476003170013428 17460
1745752425528 2.962895631790161 17480
1745752433346 2.6824233531951904 17500
1745752442295 2.1801846027374268 17520
1745752451413 3.3296263217926025 17540
1745752459090 2.1866111755371094 17560
1745752467000 2.885739326477051 17580
1745752475631 2.777322769165039 17600
1745752485186 2.8499908447265625 17620
1745752493165 2.5536892414093018 17640
1745752502344 2.577094316482544 17660
1745752511613 2.351712942123413 17680
1745752519784 1.7880241870880127 17700
1745752527091 1.826883316040039 17720
1745752536039 2.1826107501983643 17740
1745752544998 2.9441425800323486 17760
1745752552494 3.271251678466797 17780
1745752561688 2.3146541118621826 17800
1745752570299 2.8208935260772705 17820
1745752578534 3.3311171531677246 17840
1745752586887 2.3522942066192627 17860
1745752595030 2.6033573150634766 17880
1745752604632 2.702101230621338 17900
1745752613044 2.479595899581909 17920
1745752620979 2.8492348194122314 17940
1745752630056 2.165376663208008 17960
1745752637802 2.0382988452911377 17980
1745752646953 2.5091423988342285 18000
1745752654480 2.70412540435791 18020
1745752663147 3.0841000080108643 18040
1745752672572 3.121976852416992 18060
1745752680552 2.3197076320648193 18080
1745752687908 3.0567941665649414 18100
1745752696217 2.0505857467651367 18120
1745752705709 1.8352773189544678 18140
1745752713546 2.2844719886779785 18160
1745752721355 2.399578809738159 18180
1745752730403 2.373704433441162 18200
1745752738384 2.548020362854004 18220
1745752745592 3.6139447689056396 18240
1745752756201 3.1883368492126465 18260
1745752764896 2.811739921569824 18280
1745752772748 2.5839791297912598 18300
1745752781153 2.8762149810791016 18320
1745752789945 3.3484725952148438 18340
1745752798344 3.2188258171081543 18360
1745752805514 2.647603988647461 18380
1745752814242 2.673780918121338 18400
1745752823700 2.994671106338501 18420
1745752832389 2.091320753097534 18440
1745752839836 2.551926612854004 18460
1745752849078 2.652472972869873 18480
1745752858324 2.767756223678589 18500
1745752865638 2.8096601963043213 18520
1745752874757 2.429811716079712 18540
1745752884042 3.155956506729126 18560
1745752892375 2.6869163513183594 18580
1745752900052 2.4076037406921387 18600
1745752907745 2.164513349533081 18620
1745752917161 2.376105785369873 18640
1745752925165 1.7202531099319458 18660
1745752934197 1.7669130563735962 18680
1745752942847 2.4561514854431152 18700
1745752950996 2.6197211742401123 18720
1745752959261 2.1281516551971436 18740
1745752967661 1.8728077411651611 18760
1745752975050 2.412961721420288 18780
1745752984053 2.5482373237609863 18800
1745752993153 2.3811278343200684 18820
1745753000697 2.5013608932495117 18840
1745753009698 2.402766704559326 18860
1745753016793 2.316913366317749 18880
1745753027013 2.5239412784576416 18900
1745753035044 2.635133981704712 18920
1745753043799 2.553974151611328 18940
1745753052316 2.232065439224243 18960
1745753059145 2.1182501316070557 18980
1745753067558 2.0282182693481445 19000
1745753076659 1.6258747577667236 19020
1745753085560 2.962522506713867 19040
1745753093757 3.2230064868927 19060
1745753102572 2.103010654449463 19080
1745753111665 2.5875184535980225 19100
1745753120126 2.4279351234436035 19120
1745753128995 2.897773027420044 19140
1745753137884 2.3963258266448975 19160
1745753146556 3.0903961658477783 19180
1745753153540 2.8300538063049316 19200
1745753162984 2.310781478881836 19220
1745753171007 3.397859811782837 19240
1745753180089 3.011361837387085 19260
1745753189240 2.1282193660736084 19280
1745753196556 2.732612133026123 19300
1745753206272 2.0374186038970947 19320
1745753215368 3.191523790359497 19340
1745753223454 2.5076818466186523 19360
1745753230601 2.6739044189453125 19380
1745753240669 2.705432415008545 19400
1745753249294 2.5692763328552246 19420
1745753256561 2.7346527576446533 19440
1745753266211 3.364118814468384 19460
1745753274936 2.619316816329956 19480
1745753281979 1.981074571609497 19500
1745753290532 2.4924545288085938 19520
1745753299253 2.655822992324829 19540
1745753307848 2.9583566188812256 19560
1745753318351 2.7953689098358154 19580
1745753326556 3.192039966583252 19600
1745753334868 3.1839547157287598 19620
1745753343463 2.8874361515045166 19640
1745753351007 2.0444374084472656 19660
1745753359676 2.554264545440674 19680
1745753369205 3.205972194671631 19700
1745753377541 2.281635284423828 19720
1745753385831 2.7108380794525146 19740
1745753394739 3.531343936920166 19760
1745753402178 3.0843756198883057 19780
1745753411289 2.5029525756835938 19800
1745753419904 3.2325711250305176 19820
1745753430254 2.368602991104126 19840
1745753438368 2.2000436782836914 19860
1745753447074 2.6120970249176025 19880
1745753455409 2.277573347091675 19900
1745753463598 3.708446979522705 19920
1745753472492 2.3802270889282227 19940
1745753482205 2.3823890686035156 19960
1745753490195 2.3088953495025635 19980
1745753499303 3.056551694869995 20000
1745753509985 2.8309707641601562 20020
1745753518072 3.038774013519287 20040
1745753525936 1.9680947065353394 20060
1745753534866 2.189450740814209 20080
1745753543603 2.888350009918213 20100
1745753551872 2.763477325439453 20120
1745753561377 3.073183298110962 20140
1745753568703 2.0520875453948975 20160
1745753578241 3.2200229167938232 20180
1745753587584 1.8376551866531372 20200
1745753596380 2.0229249000549316 20220
1745753604990 2.3851046562194824 20240
1745754807433 2.782759428024292 20260
1745754816335 2.8095686435699463 20280
1745754825377 1.9952081441879272 20300
1745754834701 2.4309935569763184 20320
1745754844802 2.9833991527557373 20340
1745754853415 3.0144383907318115 20360
1745754862952 3.2751753330230713 20380
1745754872966 2.893887758255005 20400
1745754882359 2.157461166381836 20420
1745754890497 2.4335968494415283 20440
1745754899569 3.6071529388427734 20460
1745754909590 2.808958053588867 20480
1745754919177 2.3354928493499756 20500
1745754928768 2.5127038955688477 20520
1745754938587 2.812958002090454 20540
1745754947518 2.4191038608551025 20560
1745754954959 2.5717551708221436 20580
1745754965705 2.2201223373413086 20600
1745754974117 3.512765884399414 20620
1745754984741 2.5786080360412598 20640
1745754993513 3.0168607234954834 20660
1745755003662 2.901346445083618 20680
1745755010861 2.8411154747009277 20700
1745755020641 2.5392096042633057 20720
1745755031619 2.630058765411377 20740
1745755041303 2.877082347869873 20760
1745755049870 2.51405668258667 20780
1745755058701 3.047635793685913 20800
1745755068033 2.050959825515747 20820
1745755077870 2.972485065460205 20840
1745755085013 1.8734725713729858 20860
1745755097260 2.587132692337036 20880
1745755106409 3.0589065551757812 20900
1745755115436 2.5605897903442383 20920
1745755125298 2.4727368354797363 20940
1745755134382 2.8679330348968506 20960
1745755144090 3.737243413925171 20980
1745755152018 2.4884445667266846 21000
1745755162900 2.0411319732666016 21020
1745755172595 2.6175243854522705 21040
1745755182064 3.099114418029785 21060
1745755191117 2.989006996154785 21080
1745755200708 2.9984545707702637 21100
1745755209655 3.0986416339874268 21120
1745755218683 2.585779905319214 21140
1745755228802 2.4980361461639404 21160
1745755237791 2.989591598510742 21180
1745755246150 2.9124112129211426 21200
1745755255257 3.344855785369873 21220
1745755264556 2.6152732372283936 21240
1745755275155 3.087446928024292 21260
1745755284306 2.6434695720672607 21280
1745755294039 3.299403667449951 21300
1745755302947 3.328176975250244 21320
1745755311545 3.4440865516662598 21340
1745755322637 2.6171672344207764 21360
1745755332106 2.9789462089538574 21380
1745755341257 3.3648500442504883 21400
1745755351051 2.5106289386749268 21420
1745755359479 2.4621288776397705 21440
1745755369537 2.90725040435791 21460
1745755378167 2.8047523498535156 21480
1745755388631 3.2403087615966797 21500
1745755398195 1.4091135263442993 21520
1745755405664 2.981724500656128 21540
1745755415735 2.2316997051239014 21560
1745755425144 3.061180353164673 21580
1745755435909 2.8048295974731445 21600
1745755444824 2.821737289428711 21620
1745755453370 2.8863329887390137 21640
1745755464065 2.8391764163970947 21660
1745755472044 2.7405805587768555 21680
1745755481582 3.344177484512329 21700
1745755491463 3.316462278366089 21720
1745755500318 1.3443669080734253 21740
1745755510747 2.1968178749084473 21760
1745755519421 2.4812662601470947 21780
1745755530717 2.8736839294433594 21800
1745755539932 2.245201826095581 21820
1745755549221 2.928340435028076 21840
1745755558104 1.761901617050171 21860
1745755568029 2.5482819080352783 21880
1745755577164 3.7859749794006348 21900
1745755587693 2.7403483390808105 21920
1745755597093 3.4721357822418213 21940
1745755606039 2.5855159759521484 21960
1745755614657 2.8948569297790527 21980
1745755624373 3.1562023162841797 22000
1745755634819 1.9023174047470093 22020
1745755644184 3.4908270835876465 22040
1745755653161 3.10795521736145 22060
1745755661570 2.325763463973999 22080
1745755672414 2.3456766605377197 22100
1745755681787 3.821546792984009 22120
1745755689851 2.2807719707489014 22140
1745755701058 2.394777536392212 22160
1745755711173 1.5989609956741333 22180
1745755720454 3.516073226928711 22200
1745755729997 2.8726255893707275 22220
1745755738720 2.7177250385284424 22240
1745755749156 2.3163177967071533 22260
1745755758367 2.2487406730651855 22280
1745755766265 2.8728067874908447 22300
1745755776809 2.7986550331115723 22320
1745755784701 2.9480338096618652 22340
1745755794797 2.17961049079895 22360
1745755804977 2.971102476119995 22380
1745755814824 1.9153220653533936 22400
1745755824222 3.01104998588562 22420
1745755832951 3.1225733757019043 22440
1745755843186 2.4262871742248535 22460
1745755852663 2.3224804401397705 22480
1745755861548 3.696197509765625 22500
1745755871310 2.1538283824920654 22520
1745755880950 3.2782342433929443 22540
1745755889955 1.980868935585022 22560
1745755899683 2.2068612575531006 22580
1745755908753 2.879312753677368 22600
1745755917886 3.4673962593078613 22620
1745755926694 2.8397014141082764 22640
1745755937622 2.495797634124756 22660
1745755946758 2.839127779006958 22680
1745755956087 2.081638813018799 22700
1745755965057 3.0152089595794678 22720
1745755973966 1.9658300876617432 22740
1745755982978 4.176262378692627 22760
1745755992286 2.155393362045288 22780
1745756002922 2.242522954940796 22800
1745756011520 2.7059030532836914 22820
1745756021405 2.0384581089019775 22840
1745756030242 3.114816665649414 22860
1745756039704 1.912719488143921 22880
1745756049900 2.685605049133301 22900
1745756059593 3.533675193786621 22920
1745756067593 2.320880889892578 22940
1745756077282 2.827061176300049 22960
1745756086443 2.800053834915161 22980
1745756097128 2.5766494274139404 23000
1745756104614 2.270538806915283 23020
1745756114397 3.201378107070923 23040
1745756124704 2.495912551879883 23060
1745756133050 2.7651193141937256 23080
1745756142955 2.48949933052063 23100
1745756152702 3.0869317054748535 23120
1745756161392 2.978311777114868 23140
1745756169708 1.9870535135269165 23160
1745756178703 3.4808566570281982 23180
1745756188842 3.400226354598999 23200
1745756198452 3.0043702125549316 23220
1745756206926 3.1293907165527344 23240
1745756216738 2.990353584289551 23260
1745756225873 3.227726697921753 23280
1745756236274 3.4056482315063477 23300
1745756246367 2.039304733276367 23320
1745756255420 3.2239511013031006 23340
1745756264016 2.590881109237671 23360
1745756272453 2.5455665588378906 23380
1745756283351 2.9212381839752197 23400
1745756292225 3.7122135162353516 23420
1745756301516 2.220637083053589 23440
1745756311841 2.15073561668396 23460
1745756320688 3.0991125106811523 23480
1745756331062 1.9509481191635132 23500
1745756340281 3.159527063369751 23520
1745756350279 2.6153011322021484 23540
1745756359265 3.401650905609131 23560
1745756368165 1.8083531856536865 23580
1745756377384 2.4037139415740967 23600
1745756386091 3.392042636871338 23620
1745756395755 4.313974857330322 23640
1745756404735 2.6973958015441895 23660
1745756414680 3.05458402633667 23680
1745756424867 3.656068801879883 23700
1745756434251 1.927424669265747 23720
1745756442458 2.5425407886505127 23740
1745756451994 2.6310667991638184 23760
1745756461488 3.612841844558716 23780
1745756471536 2.3330559730529785 23800
1745756480037 2.283682346343994 23820
1745756489314 2.9309680461883545 23840
1745756499637 2.7287633419036865 23860
1745756508438 2.86327862739563 23880
1745756517540 2.3650379180908203 23900
1745756528127 3.5485832691192627 23920
1745756536629 2.8330118656158447 23940
1745756547206 2.2902958393096924 23960
1745756556663 2.630420207977295 23980
1745756565632 3.1657297611236572 24000
1745756574993 2.493295192718506 24020
1745756584391 2.0536606311798096 24040
1745756593902 2.186917543411255 24060
1745756604252 3.6400890350341797 24080
1745756611806 3.1713194847106934 24100
1745756621755 3.148409843444824 24120
1745756630346 3.062474489212036 24140
1745756641302 2.687981605529785 24160
1745756649372 2.8795976638793945 24180
1745756659958 1.671292781829834 24200
1745756668536 2.247908353805542 24220
1745756678820 2.7381253242492676 24240
1745756687424 3.1360199451446533 24260
1745756696506 3.1153197288513184 24280
1745756706471 2.833427906036377 24300
1745756715174 2.3085074424743652 24320
1745756725059 3.4439127445220947 24340
1745756735103 2.9333648681640625 24360
1745756744503 2.792605400085449 24380
1745756753893 3.1549034118652344 24400
1745756762310 3.2293200492858887 24420
1745756771905 2.1674931049346924 24440
1745756782063 2.363176107406616 24460
1745756791722 1.9923216104507446 24480
1745756801073 2.983003854751587 24500
1745756810464 3.230046272277832 24520
1745756820288 3.0265321731567383 24540
1745756830400 1.884102463722229 24560
1745756839314 3.164640426635742 24580
1745756848941 2.6613688468933105 24600
1745756857767 3.3371832370758057 24620
1745756867288 2.8713080883026123 24640
1745756876263 2.672882080078125 24660
1745756885749 2.899965286254883 24680
1745756894085 3.819753885269165 24700
1745756905849 2.75531268119812 24720
1745756914557 2.6094179153442383 24740
1745756923965 2.6079351902008057 24760
1745756932932 2.202669620513916 24780
1745756942394 2.476266384124756 24800
1745756951755 3.3320260047912598 24820
1745756961860 2.836214065551758 24840
1745756970480 2.665027379989624 24860
1745756979894 2.818369150161743 24880
1745756989893 2.4648234844207764 24900
1745757000042 3.7988243103027344 24920
1745757009080 2.306483507156372 24940
1745757018967 2.248781681060791 24960
1745757028601 3.2475085258483887 24980
1745757037660 2.4582905769348145 25000
1745757047063 3.95269513130188 25020
1745757057498 2.707850933074951 25040
1745757067483 2.160308837890625 25060
1745757075763 3.4670422077178955 25080
1745757086594 3.5485076904296875 25100
1745757096917 2.657216787338257 25120
1745757105413 2.169834613800049 25140
1745757115741 2.1214098930358887 25160
1745757125509 3.894770622253418 25180
1745757133401 3.655362606048584 25200
1745757144436 3.0719449520111084 25220
1745757153216 3.2360494136810303 25240
1745757163365 2.6954002380371094 25260
1745757173065 3.598970651626587 25280
1745757182221 3.370614767074585 25300
1745757190478 2.9832141399383545 25320
1745757201192 2.412229061126709 25340
1745757211886 3.0784034729003906 25360
1745757220181 3.126859426498413 25380
1745757230104 2.385589361190796 25400
1745757238892 2.6850643157958984 25420
1745757249625 2.733049154281616 25440
1745757258982 2.5304930210113525 25460
1745757268761 2.246243953704834 25480
1745757277331 3.435312032699585 25500
1745757288095 2.748051881790161 25520
1745757296814 2.5742573738098145 25540
1745757305453 3.0006494522094727 25560
1745757314961 3.2377312183380127 25580
1745757325197 3.4166934490203857 25600
1745757334257 2.163865566253662 25620
1745757344419 3.2766499519348145 25640
1745757353114 3.222101926803589 25660
1745757363621 3.3208138942718506 25680
1745757372913 2.7630202770233154 25700
1745757382539 3.256718635559082 25720
1745757392441 2.3788955211639404 25740
1745757401898 2.7019741535186768 25760
1745757410623 2.789384603500366 25780
1745757420701 2.6068243980407715 25800
1745757430294 2.75178861618042 25820
1745757438952 2.865312099456787 25840
1745757449273 2.5900068283081055 25860
1745757458401 3.7173960208892822 25880
1745757467554 2.855112314224243 25900
1745757476728 4.170242786407471 25920
1745757486692 3.643139362335205 25940
1745757496232 2.984151840209961 25960
1745757505700 2.9020156860351562 25980
1745757515964 3.268709659576416 26000
1745757525237 3.63334321975708 26020
1745757534725 2.487583637237549 26040
1745757544327 3.223747968673706 26060
1745757553521 2.760014772415161 26080
1745757561843 3.417153835296631 26100
1745757572070 2.9909019470214844 26120
1745757581769 3.1807494163513184 26140
1745757592116 2.1159205436706543 26160
1745757600762 2.607548236846924 26180
1745757611372 2.6664793491363525 26200
1745757620793 2.6834895610809326 26220
1745757629512 2.8318655490875244 26240
1745757639077 3.9460384845733643 26260
1745757648177 2.659228563308716 26280
1745757657927 2.896094799041748 26300
1745757668096 4.220980644226074 26320
1745757677495 2.654273509979248 26340
1745757686734 3.743624687194824 26360
1745757696722 3.5306284427642822 26380
1745757705730 1.5386244058609009 26400
1745757714183 2.865168809890747 26420
1745757723452 3.2784366607666016 26440
1745757734082 3.4773380756378174 26460
1745757743849 3.3485302925109863 26480
1745757752916 2.8278744220733643 26500
1745757761938 2.6862146854400635 26520
1745757771439 3.2455008029937744 26540
1745757781338 2.967066764831543 26560
1745757790736 3.9585423469543457 26580
1745757800306 2.0465283393859863 26600
1745757809527 2.2829456329345703 26620
1745757819478 2.5902485847473145 26640
1745757828995 2.709523916244507 26660
1745757838555 2.7581987380981445 26680
1745757846630 3.5066821575164795 26700
1745757856453 2.6621782779693604 26720
1745757866280 2.9175374507904053 26740
1745757875990 2.371185541152954 26760
1745757886471 2.3308002948760986 26780
1745757894839 2.814282178878784 26800
1745757904575 2.8876705169677734 26820
1745757914716 2.105621814727783 26840
1745757924480 2.8095784187316895 26860
1745757933339 3.474534034729004 26880
1745757943626 2.0571253299713135 26900
1745757953672 2.8279573917388916 26920
1745757961915 3.4970784187316895 26940
1745757971803 3.005337715148926 26960
1745757980858 1.897705078125 26980
1745757990700 4.022839069366455 27000
1745758000713 2.9192888736724854 27020
1745758009738 3.590366840362549 27040
1745758019305 3.423583507537842 27060
1745758028756 2.4828977584838867 27080
1745758038505 2.6659297943115234 27100
1745758047150 3.357295513153076 27120
1745758055614 2.9019875526428223 27140
1745758065506 3.4477083683013916 27160
1745758074814 2.783250331878662 27180
1745758084212 2.521925210952759 27200
1745758093810 3.7608535289764404 27220
1745758102179 3.605376720428467 27240
1745758113004 2.3863699436187744 27260
1745758122821 1.875732660293579 27280
1745758132167 1.8688241243362427 27300
1745758140023 3.2881717681884766 27320
1745758151181 2.711078643798828 27340
1745758160257 2.018263578414917 27360
1745758169172 3.207843065261841 27380
1745758180148 3.2885220050811768 27400
1745758189134 2.970258951187134 27420
1745758199088 3.155552387237549 27440
1745758208359 2.6854629516601562 27460
1745758218103 2.038853406906128 27480
1745758227279 2.463608980178833 27500
1745758234547 2.5690183639526367 27520
1745758245565 3.1563477516174316 27540
1745758253891 2.8371572494506836 27560
1745758261956 4.021181106567383 27580
1745758273050 2.970360517501831 27600
1745758282317 2.4476921558380127 27620
1745758290601 2.700866460800171 27640
1745758300826 3.0516653060913086 27660
1745758310758 2.211252450942993 27680
1745758320325 3.0065109729766846 27700
1745758329809 2.5956060886383057 27720
1745758339362 3.875532388687134 27740
1745758348367 2.6026742458343506 27760
1745758357526 3.3953001499176025 27780
1745758367350 3.0558226108551025 27800
1745758376109 2.932260513305664 27820
1745758385586 3.0098047256469727 27840
1745758394157 2.5512781143188477 27860
1745758404037 3.3061087131500244 27880
1745758412641 3.13869047164917 27900
1745758423402 3.7221107482910156 27920
1745758432597 2.973207712173462 27940
1745758442869 2.669837236404419 27960
1745758451590 2.7506327629089355 27980
1745758461092 3.8204829692840576 28000
1745758470160 3.030677318572998 28020
1745758480731 3.380795478820801 28040
1745758489698 3.4243478775024414 28060
1745758498498 3.5014443397521973 28080
1745758507904 2.91793155670166 28100
1745758518112 3.460458755493164 28120
1745758528133 2.9536139965057373 28140
1745758536003 3.713776111602783 28160
1745758547181 3.9759671688079834 28180
1745758557522 2.104246139526367 28200
1745758565816 3.7315170764923096 28220
1745758575894 3.383593797683716 28240
1745758586237 2.8948659896850586 28260
1745758596582 3.832641363143921 28280
1745758606239 2.848712205886841 28300
1745758614949 3.4023828506469727 28320
1745758625983 3.0147671699523926 28340
1745758634956 3.065062999725342 28360
1745758643631 3.019544839859009 28380
1745758654614 3.4808349609375 28400
1745758662566 3.0377416610717773 28420
1745758673870 3.0537657737731934 28440
1745758683472 2.481858968734741 28460
1745758691852 2.8220226764678955 28480
1745758701686 3.1029577255249023 28500
1745758710663 2.9480371475219727 28520
1745758720580 2.8636882305145264 28540
1745758729467 2.611813545227051 28560
1745758739211 3.0441272258758545 28580
1745758747068 2.8365845680236816 28600
1745758756809 3.3598709106445312 28620
1745758767558 3.366670608520508 28640
1745758776585 2.9854624271392822 28660
1745758785094 2.034303665161133 28680
1745758795120 3.704184055328369 28700
1745758804209 3.238349199295044 28720
1745758813811 2.891691207885742 28740
1745758823331 2.8069868087768555 28760
1745758833055 3.1885292530059814 28780
1745758842033 2.6273269653320312 28800
1745758851870 3.103445529937744 28820
1745758861517 3.656712293624878 28840
1745758870296 3.1017205715179443 28860
1745758879784 3.2696354389190674 28880
1745758888909 3.298163414001465 28900
1745758898846 2.826993942260742 28920
1745758908888 4.342804908752441 28940
1745758918297 2.6124634742736816 28960
1745758926923 2.4997220039367676 28980
1745758937057 2.349560022354126 29000
1745758947223 3.929795026779175 29020
1745758956851 3.5747721195220947 29040
1745758966179 2.1848843097686768 29060
1745758974908 2.4410765171051025 29080
1745758984094 3.268155097961426 29100
1745758992404 3.743391513824463 29120
1745759002082 3.119114398956299 29140
1745759011697 2.808269500732422 29160
1745759022113 4.301319599151611 29180
1745759030175 2.837399482727051 29200
1745759040689 2.9391820430755615 29220
1745759049712 2.687386989593506 29240
1745759059025 3.1932950019836426 29260
1745759067647 4.112821102142334 29280
1745759077661 2.9147958755493164 29300
1745759086496 4.167722702026367 29320
1745759096023 2.0899553298950195 29340
1745759106868 2.6565468311309814 29360
1745759114099 3.454380512237549 29380
1745759123297 3.249840259552002 29400
1745759134139 2.6361100673675537 29420
1745759144110 3.2157247066497803 29440
1745759153328 3.402817726135254 29460
1745759162912 2.0798487663269043 29480
1745759172175 2.878108263015747 29500
1745759182315 3.4491748809814453 29520
1745759191893 2.170924425125122 29540
1745759199952 2.119243621826172 29560
1745759211005 2.876605749130249 29580
1745759220225 3.26389217376709 29600
1745759229879 2.6915652751922607 29620
1745759239805 3.264634370803833 29640
1745759247982 2.947489023208618 29660
1745759258199 2.7559351921081543 29680
1745759268303 3.0115978717803955 29700
1745759277911 3.2491135597229004 29720
1745759286327 2.3115100860595703 29740
1745759297254 3.502793073654175 29760
1745759306146 3.3140034675598145 29780
1745759314887 3.1268789768218994 29800
1745759323148 2.723905324935913 29820
1745759333337 3.712639570236206 29840
1745759342948 2.5282886028289795 29860
1745759352263 3.2620503902435303 29880
1745759362921 3.171842575073242 29900
1745759371637 2.8634936809539795 29920
1745759381532 3.401972532272339 29940
1745759391429 3.2883622646331787 29960
1745759399572 2.070441246032715 29980
1745759409610 3.474632740020752 30000
1745759421580 3.5871403217315674 30020
1745759430057 2.9021668434143066 30040
1745759439269 3.480069160461426 30060
1745759449809 2.9046406745910645 30080
1745759460289 3.3881478309631348 30100
1745759468491 3.408250093460083 30120
1745759479104 1.6570611000061035 30140
1745759487901 2.6531448364257812 30160
1745759497252 3.2462120056152344 30180
1745759507379 3.2627623081207275 30200
1745759517036 2.946563720703125 30220
1745759526992 3.4069368839263916 30240
1745759536071 2.488359212875366 30260
1745759545039 2.7585980892181396 30280
1745759555099 3.9885146617889404 30300
1745759565227 4.345736026763916 30320
1745759574160 3.344850778579712 30340
1745759584332 4.173379898071289 30360
1745759592767 4.824305057525635 30380
1745759602562 3.812778949737549 30400
1745759612296 3.2297000885009766 30420
1745759622158 3.341052532196045 30440
1745759630729 2.3677191734313965 30460
1745759640689 2.922935724258423 30480
1745759649394 3.664384365081787 30500
1745759658729 2.5740809440612793 30520
1745759667460 3.429281711578369 30540
1745759677794 2.8668770790100098 30560
1745759687076 3.879654884338379 30580
1745759697239 1.9792461395263672 30600
1745759705483 2.843487501144409 30620
1745759715662 3.3465301990509033 30640
1745759723947 1.6593647003173828 30660
1745759734357 3.8059396743774414 30680
1745759744096 2.510871171951294 30700
1745759753685 3.320662021636963 30720
1745759763311 4.616216659545898 30740
1745759772180 3.0581469535827637 30760
1745759782276 2.2724833488464355 30780
1745759791987 2.5501186847686768 30800
1745759800646 3.4274518489837646 30820
1745759810965 2.7106196880340576 30840
1745759819425 2.8057210445404053 30860
1745759829394 3.7148334980010986 30880
1745759838060 3.619929075241089 30900
1745759848553 2.905792236328125 30920
1745759856861 3.109947681427002 30940
1745759868363 2.2741940021514893 30960
1745759876578 2.997575521469116 30980
1745759886846 2.105574369430542 31000
1745759896086 3.108449935913086 31020
1745759905166 2.42512845993042 31040
1745759915382 2.7711129188537598 31060
1745759925358 2.673041343688965 31080
1745759933333 2.9509668350219727 31100
1745759944280 2.6225647926330566 31120
1745759952720 3.49373459815979 31140
1745759962942 2.9322891235351562 31160
1745759972513 3.2030985355377197 31180
1745759980730 3.0036120414733887 31200
1745759990986 3.052408456802368 31220
1745760000772 3.7679059505462646 31240
1745760010969 3.900202989578247 31260
1745760019895 3.5341575145721436 31280
1745760028697 2.6646764278411865 31300
1745760038445 3.0339651107788086 31320
1745760048343 2.9072413444519043 31340
1745760058850 3.6681079864501953 31360
1745760068159 3.1951303482055664 31380
1745760078060 3.233330726623535 31400
1745760087980 3.428117036819458 31420
1745760098032 3.4179203510284424 31440
1745760107788 3.7216835021972656 31460
1745760115942 3.332826852798462 31480
1745760127162 3.703084945678711 31500
1745760135872 2.9410347938537598 31520
1745760145339 3.036534309387207 31540
1745760155725 2.8804636001586914 31560
1745760165042 3.5477375984191895 31580
1745760173479 3.4374051094055176 31600
1745760183175 3.6189541816711426 31620
1745760193232 3.3148746490478516 31640
1745760203736 2.768523931503296 31660
1745760213145 4.2262678146362305 31680
1745760221766 4.035671234130859 31700
1745760231920 2.8385698795318604 31720
1745760241153 2.7550127506256104 31740
1745760251527 3.4685893058776855 31760
1745760259994 3.5826520919799805 31780
1745760269671 2.798809289932251 31800
1745760280552 3.140049934387207 31820
1745760289273 2.912365436553955 31840
1745760299325 3.4603710174560547 31860
1745760310321 3.8482470512390137 31880
1745760319030 3.735193967819214 31900
1745760328683 2.3730945587158203 31920
1745760338025 2.3011534214019775 31940
1745760348676 3.46256947517395 31960
1745760357584 3.4101829528808594 31980
1745760368146 3.5960357189178467 32000
1745760377108 2.5310282707214355 32020
1745760385473 3.0335631370544434 32040
1745760395189 3.7561769485473633 32060
1745760404970 3.2831664085388184 32080
1745760414865 2.4492695331573486 32100
1745760424810 2.958479166030884 32120
1745760434743 3.083407163619995 32140
1745760442726 3.5258901119232178 32160
1745760452330 2.634355068206787 32180
1745760462625 3.388394832611084 32200
1745760471981 2.1961631774902344 32220
1745760481935 3.485775947570801 32240
1745760491375 2.4474480152130127 32260
1745760501424 2.8259329795837402 32280
1745760511624 3.5223207473754883 32300
1745760520048 3.5136215686798096 32320
1745760530800 3.4055864810943604 32340
1745760540220 3.2193894386291504 32360
1745760547738 2.6426899433135986 32380
1745760558799 2.794236183166504 32400
1745760567676 3.344529390335083 32420
1745760578124 2.779898166656494 32440
1745760586586 3.263434886932373 32460
1745760596396 2.866095781326294 32480
1745760606921 3.3556411266326904 32500
1745760616357 3.0654194355010986 32520
1745760625170 3.034259796142578 32540
1745760634908 2.8444266319274902 32560
1745760643384 4.089016914367676 32580
1745760653541 2.9393110275268555 32600
1745760662516 3.2388739585876465 32620
1745760671711 2.7704052925109863 32640
1745760681234 3.425384998321533 32660
1745760691236 2.612170457839966 32680
1745760700049 3.1670827865600586 32700
1745760708756 3.989583969116211 32720
1745760718715 3.972750186920166 32740
1745760728051 2.432910680770874 32760
1745760738630 3.9283926486968994 32780
1745760747577 3.370452642440796 32800
1745760756877 3.2819015979766846 32820
1745760767923 3.514580726623535 32840
1745760776088 2.6564035415649414 32860
1745760785497 2.9858219623565674 32880
1745760796243 3.5317397117614746 32900
1745760805949 2.529568672180176 32920
1745760813540 3.1601319313049316 32940
1745760823380 3.089658737182617 32960
1745760833339 3.5699851512908936 32980
1745760843799 3.0238819122314453 33000
1745760852143 3.26814866065979 33020
1745760862003 3.220733880996704 33040
1745760871897 3.1314196586608887 33060
1745760881358 2.8860857486724854 33080
1745760890970 3.101869583129883 33100
1745760900463 4.309199333190918 33120
1745760909747 2.2835662364959717 33140
1745760918252 4.519466876983643 33160
1745760928069 3.2174456119537354 33180
1745760937822 3.321028709411621 33200
1745760947715 4.339285373687744 33220
1745760957362 2.3337173461914062 33240
1745760966649 2.8551394939422607 33260
1745760976630 3.6497814655303955 33280
1745760986404 3.120581865310669 33300
1745760996129 3.6262831687927246 33320
1745761005269 3.5607070922851562 33340
1745761014838 3.3741955757141113 33360
1745761023482 3.312166452407837 33380
1745761033923 2.4043474197387695 33400
1745761043241 3.413843870162964 33420
1745761052891 3.2072582244873047 33440
1745761061371 4.065350532531738 33460
1745761072198 3.947765350341797 33480
1745761080198 3.8125646114349365 33500
1745761090165 4.515068531036377 33520
1745761099795 3.5663044452667236 33540
1745761108704 2.917783737182617 33560
1745761118914 2.735341787338257 33580
1745761128813 2.4382548332214355 33600
1745761136456 3.411670446395874 33620
1745761147108 3.678401231765747 33640
1745761157099 3.954685926437378 33660
1745761165540 3.0511837005615234 33680
1745761176146 4.054690837860107 33700
1745761184674 2.700852155685425 33720
1745761194633 3.767921209335327 33740
1745761203044 2.6819236278533936 33760
1745761213701 2.18688702583313 33780
1745761223374 2.647536516189575 33800
1745761232430 3.431178569793701 33820
1745761242128 3.71203351020813 33840
1745761251125 3.541393518447876 33860
1745761261138 3.253793954849243 33880
1745761270648 2.7270708084106445 33900
1745761279236 2.7499582767486572 33920
1745761290161 2.8898348808288574 33940
1745761297475 3.2928900718688965 33960
1745761307392 2.174922466278076 33980
1745761317615 2.2188878059387207 34000
1745761327970 3.297891616821289 34020
1745761337334 2.4403374195098877 34040
1745761345345 3.955991268157959 34060
1745761355097 2.2420847415924072 34080
1745761364868 3.313093662261963 34100
1745761375200 4.016740322113037 34120
1745761384868 2.3174257278442383 34140
1745761393082 2.9029228687286377 34160
1745761403911 3.477673053741455 34180
1745761412615 2.9841768741607666 34200
1745761423209 4.003177642822266 34220
1745761432133 2.951756715774536 34240
1745761440418 2.1202893257141113 34260
1745761451218 3.071410655975342 34280
1745761461383 3.2035789489746094 34300
1745761470207 3.741575002670288 34320
1745761480361 3.98918080329895 34340
1745761489754 3.5407943725585938 34360
1745761498377 4.052855014801025 34380
1745761507717 3.742173910140991 34400
1745761517567 3.3995871543884277 34420
1745761527209 3.512730598449707 34440
1745761537918 3.265963315963745 34460
1745761547473 3.472695827484131 34480
1745761556865 3.108577013015747 34500
1745761564408 2.4805748462677 34520
1745761575849 4.2760114669799805 34540
1745761585141 3.8741912841796875 34560
1745761593963 2.882488250732422 34580
1745761606007 3.436075210571289 34600
1745761614441 3.5458974838256836 34620
1745761624585 3.3506062030792236 34640
1745761634915 2.9677839279174805 34660
1745761646439 2.6962618827819824 34680
