1745745154941 0.41825687885284424 20
1745745162385 0.38101062178611755 40
1745745169344 0.5105958580970764 60
1745745177326 0.5578842759132385 80
1745745184556 0.5036409497261047 100
1745745190427 0.44691669940948486 120
1745745199461 0.5702424049377441 140
1745745205640 0.5160945653915405 160
1745745212958 0.530718982219696 180
1745745221438 0.48373356461524963 200
1745745228628 0.5540078282356262 220
1745745235708 0.5054853558540344 240
1745745243849 0.5005030632019043 260
1745745250421 0.44163253903388977 280
1745745257949 0.48120567202568054 300
1745745264233 0.5044775009155273 320
1745745272773 0.49996817111968994 340
1745745281164 0.4569583535194397 360
1745745288566 0.5645511746406555 380
1745745295585 0.42357000708580017 400
1745745303520 0.5657387971878052 420
1745745310825 0.47669360041618347 440
1745745317435 0.5594470500946045 460
1745745326375 0.5850281119346619 480
1745745333068 0.45783013105392456 500
1745745342231 0.46665602922439575 520
1745745349176 0.4552084803581238 540
1745745356302 0.49118608236312866 560
1745745364311 0.5790958404541016 580
1745745372346 0.4417807459831238 600
1745745379692 0.5201496481895447 620
1745745388019 0.5739266276359558 640
1745745395782 0.5584702491760254 660
1745745403101 0.49846088886260986 680
1745745411360 0.5160285234451294 700
1745745417196 0.5236042141914368 720
1745745425575 0.5808922052383423 740
1745745433083 0.4420701265335083 760
1745745442156 0.46083325147628784 780
1745745448491 0.5497275590896606 800
1745745455743 0.5169944763183594 820
1745745463061 0.5299081206321716 840
1745745472293 0.5591475367546082 860
1745745480054 0.47972190380096436 880
1745745487936 0.5802680850028992 900
1745745494870 0.4697765111923218 920
1745745502717 0.5202659964561462 940
1745745509823 0.5351532697677612 960
1745745518025 0.5910552740097046 980
1745745526030 0.5103619694709778 1000
1745745534709 0.4868948757648468 1020
1745745541834 0.6139242053031921 1040
1745745548956 0.5106334686279297 1060
1745745556890 0.504025936126709 1080
1745745564083 0.5472450852394104 1100
1745745573724 0.5581647753715515 1120
1745745581873 0.42381221055984497 1140
1745745589940 0.5162042379379272 1160
1745745596932 0.5095557570457458 1180
1745745603819 0.43781018257141113 1200
1745745612477 0.4647274315357208 1220
1745745621241 0.43693113327026367 1240
1745745628642 0.5444483757019043 1260
1745745637621 0.5420262217521667 1280
1745745645551 0.48163825273513794 1300
1745745651716 0.535897433757782 1320
1745745659861 0.509671151638031 1340
1745745667501 0.5042672157287598 1360
1745745674404 0.5214254856109619 1380
1745745684214 0.4999537765979767 1400
1745745691912 0.44937047362327576 1420
1745745699109 0.5473687052726746 1440
1745745707004 0.4593602120876312 1460
1745745715128 0.49825519323349 1480
1745745722641 0.4817632734775543 1500
1745745729989 0.4708220362663269 1520
1745745737782 0.46861058473587036 1540
1745745746195 0.5497782826423645 1560
1745745753614 0.5308084487915039 1580
1745745760803 0.48733797669410706 1600
1745745769254 0.43213674426078796 1620
1745745776876 0.6160188913345337 1640
1745745785506 0.49445635080337524 1660
1745745792413 0.5248733162879944 1680
1745745800921 0.6093088984489441 1700
1745745808569 0.5542151927947998 1720
1745745817106 0.5534987449645996 1740
1745745825097 0.5811178684234619 1760
1745745832868 0.5273786187171936 1780
1745745841418 0.5057143568992615 1800
1745745848836 0.5376641750335693 1820
1745745855713 0.545496940612793 1840
1745745864152 0.5259421467781067 1860
1745745872540 0.5685954689979553 1880
1745745879385 0.46369919180870056 1900
1745745888333 0.5138921737670898 1920
1745745896194 0.5130133628845215 1940
1745745904160 0.5369054675102234 1960
1745745912503 0.5338028073310852 1980
1745745919843 0.4644634425640106 2000
1745745928442 0.6023395657539368 2020
1745745936969 0.4613955616950989 2040
1745745944617 0.5748617053031921 2060
1745745952524 0.5264298319816589 2080
1745745960776 0.5817088484764099 2100
1745745968093 0.516785204410553 2120
1745745975981 0.4573495090007782 2140
1745745984449 0.5856234431266785 2160
1745745992106 0.4037021994590759 2180
1745746000409 0.5040361285209656 2200
1745746008582 0.561255156993866 2220
1745746016835 0.5060467720031738 2240
1745746025082 0.6029996871948242 2260
1745746033677 0.5393031239509583 2280
1745746041704 0.5457490086555481 2300
1745746048405 0.43259263038635254 2320
1745746056297 0.5323187112808228 2340
1745746065164 0.5491549372673035 2360
1745746072418 0.5247616171836853 2380
1745746081001 0.5123817920684814 2400
1745746089508 0.49017462134361267 2420
1745746097320 0.47906461358070374 2440
1745746106418 0.5568345189094543 2460
1745746113988 0.47914043068885803 2480
1745746121748 0.5696317553520203 2500
1745746131050 0.5213699340820312 2520
1745746139597 0.5200662612915039 2540
1745746147926 0.49449822306632996 2560
1745746155539 0.5616310834884644 2580
1745746163787 0.5224114060401917 2600
1745746171799 0.5483781695365906 2620
1745746180512 0.5846731066703796 2640
1745746188643 0.5240952372550964 2660
1745746197236 0.5506575703620911 2680
1745746206353 0.5806421637535095 2700
1745746213592 0.5282409191131592 2720
1745746221504 0.4991033375263214 2740
1745746229816 0.48165956139564514 2760
1745746238055 0.42597880959510803 2780
1745746246209 0.6134785413742065 2800
1745746255379 0.5005427002906799 2820
1745746262188 0.5590620636940002 2840
1745746271268 0.5022963881492615 2860
1745746278825 0.4370759129524231 2880
1745746286901 0.5772015452384949 2900
1745746295029 0.49014633893966675 2920
1745746304661 0.6862857937812805 2940
1745746311279 0.4555931091308594 2960
1745746320561 0.5015949010848999 2980
1745746327807 0.5556337237358093 3000
1745746336435 0.533198356628418 3020
1745746344621 0.534345269203186 3040
1745746352740 0.5213972330093384 3060
1745746361106 0.5272382497787476 3080
1745746369358 0.6719563007354736 3100
1745746377763 0.5421738624572754 3120
1745746385167 0.4950340688228607 3140
1745746394133 0.5133453011512756 3160
1745746402264 0.5603561401367188 3180
1745746412019 0.5503810048103333 3200
1745746421030 0.502288281917572 3220
1745746428753 0.5775572657585144 3240
1745746437946 0.5388932824134827 3260
1745746445744 0.470632940530777 3280
1745746454815 0.5614663362503052 3300
1745746462015 0.5354840159416199 3320
1745746471422 0.6048576831817627 3340
1745746478881 0.5209618806838989 3360
1745746487107 0.5066078305244446 3380
1745746494732 0.5545846819877625 3400
1745746503957 0.4983595609664917 3420
1745746511698 0.49647632241249084 3440
1745746521153 0.5502175688743591 3460
1745746528819 0.5779550075531006 3480
1745746535768 0.5476233959197998 3500
1745746544485 0.5683866739273071 3520
1745746553205 0.4513212740421295 3540
1745746562132 0.5731416940689087 3560
1745746569745 0.572088897228241 3580
1745746577540 0.5204129219055176 3600
1745746585909 0.6274046897888184 3620
1745746594518 0.5772779583930969 3640
1745746601855 0.6067192554473877 3660
1745746611264 0.5684539079666138 3680
1745746619913 0.40709397196769714 3700
1745746627602 0.5699212551116943 3720
1745746636237 0.457424521446228 3740
1745746644357 0.5628079771995544 3760
1745746652667 0.4931514859199524 3780
1745746660899 0.49141740798950195 3800
1745746669817 0.4573269188404083 3820
1745746677848 0.5029897689819336 3840
1745746686212 0.482323557138443 3860
1745746693259 0.4830342233181 3880
1745746702488 0.5816972851753235 3900
1745746710161 0.5059615969657898 3920
1745746719062 0.526791512966156 3940
1745746728008 0.49032625555992126 3960
1745746735286 0.565410852432251 3980
1745746743307 0.47921907901763916 4000
1745746752497 0.6124357581138611 4020
1745746760303 0.5150122046470642 4040
1745746767592 0.5122663378715515 4060
1745746776721 0.46476444602012634 4080
1745746785704 0.5393925309181213 4100
1745746792685 0.5014137029647827 4120
1745746801141 0.461649090051651 4140
1745746809931 0.5456165671348572 4160
1745746817341 0.5159401297569275 4180
1745746827285 0.4968976676464081 4200
1745746835412 0.5575761198997498 4220
1745746844088 0.42941197752952576 4240
1745746851524 0.5120987296104431 4260
1745746860378 0.5707656741142273 4280
1745746869033 0.48001280426979065 4300
1745746876555 0.6184784173965454 4320
1745746885760 0.5830468535423279 4340
1745746894152 0.5591127872467041 4360
1745746901716 0.40155044198036194 4380
1745746910536 0.5415186882019043 4400
1745746918381 0.5093092918395996 4420
1745746927232 0.6294336318969727 4440
1745746934891 0.6758446097373962 4460
1745746942901 0.5944792628288269 4480
1745746951324 0.46267208456993103 4500
1745746957980 0.5785983204841614 4520
1745746966512 0.555009126663208 4540
1745746976257 0.5558002591133118 4560
1745746984827 0.5915557146072388 4580
1745746993662 0.5826302170753479 4600
1745747000672 0.5224194526672363 4620
1745747009088 0.5166311860084534 4640
1745747017450 0.46181896328926086 4660
1745747025869 0.6703408360481262 4680
1745747033487 0.5436496138572693 4700
1745747041934 0.5308411121368408 4720
1745747051260 0.4433775842189789 4740
1745747058045 0.43654587864875793 4760
1745747066306 0.5302349328994751 4780
1745747074689 0.5087019205093384 4800
1745747082891 0.546872079372406 4820
1745747091063 0.5431511998176575 4840
1745747100353 0.5391950607299805 4860
1745747108310 0.6096331477165222 4880
1745747116512 0.5389148592948914 4900
1745747124417 0.6158153414726257 4920
1745747133255 0.5400164127349854 4940
1745747141773 0.5438938140869141 4960
1745747149689 0.5954521298408508 4980
1745747157864 0.4653365910053253 5000
1745747166007 0.5230738520622253 5020
1745747174248 0.5050585269927979 5040
1745747182674 0.5794661045074463 5060
1745747191423 0.5832642316818237 5080
1745747198520 0.5043166875839233 5100
1745747207912 0.6182809472084045 5120
1745747215399 0.4522550106048584 5140
1745747223752 0.5254434943199158 5160
1745747232743 0.49457821249961853 5180
1745747240713 0.5668414235115051 5200
1745747249498 0.5976611971855164 5220
1745747257311 0.5732792615890503 5240
1745747266142 0.5384668111801147 5260
1745747273508 0.512462854385376 5280
1745747280553 0.5810835957527161 5300
1745747289549 0.5429641604423523 5320
1745747298065 0.5200516581535339 5340
1745747306881 0.5378060936927795 5360
1745747315071 0.5586695671081543 5380
1745747323602 0.5268344879150391 5400
1745747331553 0.5438508987426758 5420
1745747340039 0.5300516486167908 5440
1745747348485 0.5381453037261963 5460
1745747357804 0.5544137954711914 5480
1745747367013 0.48581162095069885 5500
1745747373864 0.560871422290802 5520
1745747382991 0.6275987029075623 5540
1745747391698 0.5483652949333191 5560
1745747400060 0.522411048412323 5580
1745747408780 0.5837782025337219 5600
1745747417684 0.3966064751148224 5620
1745747425390 0.4917009770870209 5640
1745747434276 0.5326381921768188 5660
1745747441850 0.5578263998031616 5680
1745747451054 0.5709815621376038 5700
1745747459038 0.5105245113372803 5720
1745747467998 0.5166997313499451 5740
1745747476386 0.6304078698158264 5760
1745747483957 0.45708128809928894 5780
1745747493259 0.5082961320877075 5800
1745747501613 0.621269941329956 5820
1745747510209 0.5615233182907104 5840
1745747517734 0.5807852745056152 5860
1745747526381 0.5374922156333923 5880
1745747534181 0.6900582909584045 5900
1745747543082 0.5509944558143616 5920
1745747551870 0.685767412185669 5940
1745747559075 0.571528971195221 5960
1745747567619 0.48973706364631653 5980
1745747576200 0.6190319657325745 6000
1745747584464 0.4675617814064026 6020
1745747592857 0.5558168888092041 6040
1745747600540 0.5438063740730286 6060
1745747609864 0.6173790693283081 6080
1745747618532 0.5657899379730225 6100
1745747625923 0.5799483060836792 6120
1745747634753 0.5044753551483154 6140
1745747642922 0.5514401793479919 6160
1745747650717 0.5438904166221619 6180
1745747659415 0.5302901268005371 6200
1745747667872 0.5024048686027527 6220
1745747675191 0.5260708928108215 6240
1745747685449 0.6018990278244019 6260
1745747692604 0.6114289164543152 6280
1745747700319 0.5266184210777283 6300
1745747708990 0.5641536712646484 6320
1745747717243 0.5898826718330383 6340
1745747725263 0.5207069516181946 6360
1745747734395 0.5006182789802551 6380
1745747743083 0.5235260128974915 6400
1745747750788 0.6130456328392029 6420
1745747759042 0.5945650935173035 6440
1745747767770 0.5869671106338501 6460
1745747776030 0.5249647498130798 6480
1745747783912 0.5693851113319397 6500
1745747792666 0.4858904778957367 6520
1745747800813 0.5700410008430481 6540
1745747809837 0.5456796884536743 6560
1745747819917 0.5706953406333923 6580
1745747828683 0.49570560455322266 6600
1745747836529 0.5292795300483704 6620
1745747845029 0.5333431363105774 6640
1745747853244 0.6204209923744202 6660
1745747861937 0.6166958212852478 6680
1745747868755 0.5199859738349915 6700
1745747878711 0.5016064047813416 6720
1745747886566 0.48332473635673523 6740
1745747894645 0.5746503472328186 6760
1745747903224 0.5772707462310791 6780
1745747910812 0.5250878930091858 6800
1745747920919 0.5579443573951721 6820
1745747928689 0.5852357745170593 6840
1745747936705 0.6423267126083374 6860
1745747945992 0.602192223072052 6880
1745747954962 0.5443523526191711 6900
1745747963502 0.46288639307022095 6920
1745747971929 0.610741138458252 6940
1745747981041 0.5179716944694519 6960
1745747988760 0.6489191055297852 6980
1745747997427 0.5354272127151489 7000
1745748006507 0.6203850507736206 7020
1745748015268 0.45216619968414307 7040
1745748023082 0.6709548830986023 7060
1745748031337 0.49902790784835815 7080
1745748039871 0.5626779794692993 7100
1745748047472 0.6600616574287415 7120
1745748056300 0.6161132454872131 7140
1745748064251 0.539853572845459 7160
1745748073083 0.5968092679977417 7180
1745748081006 0.5580563545227051 7200
1745748088809 0.5947936773300171 7220
1745748097451 0.47926583886146545 7240
1745748104900 0.5338883399963379 7260
1745748113912 0.5280608534812927 7280
1745748123382 0.5808072686195374 7300
1745748130332 0.6013425588607788 7320
1745748138321 0.5779836773872375 7340
1745748146915 0.5913328528404236 7360
1745748155811 0.5076411366462708 7380
1745748164303 0.6235107779502869 7400
1745748173280 0.5518478155136108 7420
1745748181584 0.5656440258026123 7440
1745748189542 0.5325998067855835 7460
1745748198064 0.5915395021438599 7480
1745748205414 0.5644684433937073 7500
1745748213351 0.5825638175010681 7520
1745748223117 0.4831520915031433 7540
1745748231944 0.5310852527618408 7560
1745748240340 0.5283238887786865 7580
1745748248196 0.6190949082374573 7600
1745748256962 0.5348532795906067 7620
1745748264172 0.5690568685531616 7640
1745748272995 0.580199122428894 7660
1745748281318 0.452124685049057 7680
1745748289751 0.49777311086654663 7700
1745748298645 0.5714862942695618 7720
1745748305945 0.5173013210296631 7740
1745748314235 0.5093867182731628 7760
1745748323510 0.5751941800117493 7780
1745748333129 0.5416477918624878 7800
1745748341283 0.5879003405570984 7820
1745748348685 0.46209201216697693 7840
1745748358457 0.5737621784210205 7860
1745748365598 0.541534423828125 7880
1745748374995 0.4849006235599518 7900
1745748382477 0.6115131378173828 7920
1745748391701 0.45405909419059753 7940
1745748399097 0.5540174245834351 7960
1745748406935 0.5909438133239746 7980
1745748416591 0.577255129814148 8000
1745748423932 0.5486856698989868 8020
1745748432804 0.548575222492218 8040
1745748441239 0.5771760940551758 8060
1745748449390 0.5972748398780823 8080
1745748456798 0.5839167237281799 8100
1745748465588 0.6011124849319458 8120
1745748474104 0.5798503160476685 8140
1745748482981 0.6122080087661743 8160
1745748490135 0.5363578796386719 8180
1745748498641 0.5505098104476929 8200
1745748507670 0.5965319871902466 8220
1745748516359 0.5574085116386414 8240
1745748524276 0.5316330790519714 8260
1745748532402 0.5535028576850891 8280
1745748540750 0.6714022159576416 8300
1745748550077 0.581622838973999 8320
1745748557263 0.5138535499572754 8340
1745748566090 0.4879883825778961 8360
1745748574309 0.5294817686080933 8380
1745748583079 0.5960190892219543 8400
1745748591852 0.5518280267715454 8420
1745748599754 0.5695347189903259 8440
1745748607735 0.5116339325904846 8460
1745748615621 0.6304492354393005 8480
1745748624326 0.5653749108314514 8500
1745748632503 0.5609282851219177 8520
1745748641891 0.5487775802612305 8540
1745748649959 0.5015543103218079 8560
1745748657988 0.537318229675293 8580
1745748666418 0.5741896629333496 8600
1745748674760 0.5294755697250366 8620
1745748682539 0.558459460735321 8640
1745748691683 0.4777745008468628 8660
1745748699721 0.5541096329689026 8680
1745748706982 0.6029510498046875 8700
1745748716584 0.5040770769119263 8720
1745748725163 0.5768365859985352 8740
1745748732551 0.5846060514450073 8760
1745748741480 0.606802761554718 8780
1745748750562 0.5242607593536377 8800
1745748757851 0.560577929019928 8820
1745748766475 0.5516176819801331 8840
1745748774801 0.5102265477180481 8860
1745748783850 0.5200267434120178 8880
1745748792508 0.6375781297683716 8900
1745748801303 0.5930356383323669 8920
1745748809584 0.6308832764625549 8940
1745748817701 0.5222294926643372 8960
1745748826411 0.5419390201568604 8980
1745748834146 0.6125553250312805 9000
1745748843117 0.5264873504638672 9020
1745748850478 0.6307256817817688 9040
1745748859190 0.5328730940818787 9060
1745748869377 0.5472552180290222 9080
1745748877037 0.5572023987770081 9100
1745748884755 0.4368140995502472 9120
1745748892874 0.5743609070777893 9140
1745748902685 0.5073644518852234 9160
1745748910576 0.5337638854980469 9180
1745748918926 0.532567024230957 9200
1745748926451 0.5007866621017456 9220
1745748934666 0.5654522776603699 9240
1745748942892 0.5179561376571655 9260
1745748951699 0.6043160557746887 9280
1745748958378 0.534520149230957 9300
1745748968058 0.6837544441223145 9320
1745748976808 0.6251809597015381 9340
1745748983899 0.584101140499115 9360
1745748993076 0.5833128690719604 9380
1745749000245 0.5784071087837219 9400
1745749009160 0.5329099893569946 9420
1745749018027 0.5920512080192566 9440
1745749026499 0.6387248039245605 9460
1745749035321 0.533816397190094 9480
1745749042381 0.6723936200141907 9500
1745749050420 0.517362117767334 9520
1745749059777 0.502520740032196 9540
1745749067535 0.5803350806236267 9560
1745749075648 0.6086904406547546 9580
1745749084525 0.491394966840744 9600
1745749093140 0.6196280717849731 9620
1745749099690 0.5616081357002258 9640
1745749108934 0.5458004474639893 9660
1745749116247 0.5112257599830627 9680
1745749125730 0.5713425874710083 9700
1745749134147 0.5744280219078064 9720
1745749141868 0.6565329432487488 9740
1745749150143 0.5901311635971069 9760
1745749158506 0.5262220501899719 9780
1745749165790 0.5282096266746521 9800
1745749174829 0.6735602617263794 9820
1745749183659 0.514190673828125 9840
1745749192785 0.5534471869468689 9860
1745749201233 0.555215060710907 9880
1745749208441 0.5652612447738647 9900
1745749217539 0.5130173563957214 9920
1745749226515 0.5597167611122131 9940
1745749234879 0.4656723439693451 9960
1745749243467 0.6509365439414978 9980
1745749250725 0.579585611820221 10000
1745749263505 0.5364037156105042 10020
1745749271925 0.5901049971580505 10040
1745749279698 0.6187931299209595 10060
1745749288722 0.615203320980072 10080
1745749296193 0.6280202865600586 10100
1745749305361 0.6584077477455139 10120
1745749314159 0.5948517322540283 10140
1745749322069 0.5312638878822327 10160
1745749329164 0.6151388883590698 10180
1745749338615 0.6065850853919983 10200
1745749347418 0.5923129916191101 10220
1745749355269 0.48566150665283203 10240
1745749363893 0.6233338713645935 10260
1745749372757 0.4492073655128479 10280
1745749381299 0.46424686908721924 10300
1745749388829 0.5383561253547668 10320
1745749398184 0.6192160844802856 10340
1745749406189 0.512344241142273 10360
1745749415590 0.5748915672302246 10380
1745749423914 0.5305083394050598 10400
1745749432779 0.6449784636497498 10420
1745749440942 0.49161800742149353 10440
1745749450068 0.541301429271698 10460
1745749460172 0.6042332649230957 10480
1745749467807 0.6090772747993469 10500
1745749477338 0.536095917224884 10520
1745749485430 0.5457106232643127 10540
1745749493504 0.5279166102409363 10560
1745749501374 0.5332874655723572 10580
1745749510352 0.6070230007171631 10600
1745749518992 0.5501216650009155 10620
1745749525835 0.48149996995925903 10640
1745749534707 0.5070264935493469 10660
1745749543349 0.5069365501403809 10680
1745749551136 0.5943167209625244 10700
1745749559638 0.5846734046936035 10720
1745749569060 0.5701680779457092 10740
1745749577697 0.566893994808197 10760
1745749586037 0.5360428094863892 10780
1745749593856 0.5541988015174866 10800
1745749601732 0.5493624210357666 10820
1745749610484 0.6105474829673767 10840
1745749619509 0.5564165711402893 10860
1745749627505 0.5979874730110168 10880
1745749636798 0.5629408359527588 10900
1745749644822 0.5633625984191895 10920
1745749653264 0.531558632850647 10940
1745749660429 0.5753932595252991 10960
1745749669452 0.5617502927780151 10980
1745749679133 0.6024478673934937 11000
1745749686774 0.6817846298217773 11020
1745749694097 0.5440686941146851 11040
1745749702594 0.5046795606613159 11060
1745749712135 0.47269710898399353 11080
1745749719826 0.48467788100242615 11100
1745749729203 0.5676281452178955 11120
1745749737621 0.5656294226646423 11140
1745749745037 0.6205267906188965 11160
1745749753494 0.6007634997367859 11180
1745749762782 0.520379900932312 11200
1745749770891 0.48771902918815613 11220
1745749779420 0.6275882124900818 11240
1745749788108 0.6051943898200989 11260
1745749796372 0.6141375303268433 11280
1745749805772 0.5335792303085327 11300
1745749812832 0.5608231425285339 11320
1745749823093 0.5311175584793091 11340
1745749831346 0.5853962302207947 11360
1745749840475 0.587425947189331 11380
1745749848197 0.531575083732605 11400
1745749856176 0.5730150938034058 11420
1745749865244 0.5527762174606323 11440
1745749873526 0.5214051604270935 11460
1745749882419 0.4898183047771454 11480
1745749891548 0.551251232624054 11500
1745749899888 0.48202356696128845 11520
1745749908203 0.5580402612686157 11540
1745749916470 0.6351958513259888 11560
1745749925798 0.49729642271995544 11580
1745749934407 0.5102741718292236 11600
1745749941761 0.44706499576568604 11620
1745749951285 0.6167759299278259 11640
1745749960073 0.522083044052124 11660
1745749968124 0.5372010469436646 11680
1745749977099 0.533833384513855 11700
1745749985079 0.5990741848945618 11720
1745749993896 0.5185327529907227 11740
1745750002114 0.5119616985321045 11760
1745750010180 0.5523616671562195 11780
1745750018414 0.5462734699249268 11800
1745750027153 0.6188645958900452 11820
1745750035082 0.5073672533035278 11840
1745750043527 0.5221303105354309 11860
1745750051487 0.5414241552352905 11880
1745750061355 0.5851256251335144 11900
1745750068868 0.5585283637046814 11920
1745750077009 0.6102977395057678 11940
1745750085121 0.6072277426719666 11960
1745750093744 0.5902183651924133 11980
1745750101492 0.5576996803283691 12000
1745750110939 0.5406183004379272 12020
1745750119736 0.5217571258544922 12040
1745750127897 0.5548713803291321 12060
1745750136484 0.4944157600402832 12080
1745750144181 0.5445147752761841 12100
1745750153835 0.5531275272369385 12120
1745750161693 0.6104761362075806 12140
1745750169734 0.546478807926178 12160
1745750179035 0.577063262462616 12180
1745750186758 0.634590208530426 12200
1745750194900 0.5762556791305542 12220
1745750204621 0.49544012546539307 12240
1745750212706 0.5866201519966125 12260
1745750220749 0.5401791334152222 12280
1745750230127 0.5932674407958984 12300
1745750237239 0.563934326171875 12320
1745750246084 0.49509137868881226 12340
1745750254555 0.5824021100997925 12360
1745750263174 0.44863224029541016 12380
1745750271926 0.5901429653167725 12400
1745750280937 0.5342581272125244 12420
1745750288459 0.6100054383277893 12440
1745750296980 0.5435954928398132 12460
1745750305578 0.5454778075218201 12480
1745750312830 0.6055263876914978 12500
1745750321059 0.5106830596923828 12520
1745750330754 0.5667928457260132 12540
1745750339106 0.5469151735305786 12560
1745750347204 0.6212674379348755 12580
1745750355964 0.5955539345741272 12600
1745750364408 0.584090530872345 12620
1745750372990 0.5377022624015808 12640
1745750380801 0.6015530228614807 12660
1745750389090 0.5706837177276611 12680
1745750395578 0.4878888726234436 12700
1745750405011 0.5456279516220093 12720
1745750414340 0.4813966751098633 12740
1745750421719 0.5243808031082153 12760
1745750430365 0.5726845860481262 12780
1745750439711 0.6719266772270203 12800
1745750447440 0.5850685238838196 12820
1745750455772 0.6022842526435852 12840
1745750463254 0.5828279256820679 12860
1745750472184 0.6382312774658203 12880
1745750480694 0.5996189713478088 12900
1745750488804 0.4041767120361328 12920
1745750496598 0.5566874742507935 12940
1745750505581 0.5541395545005798 12960
1745750514422 0.6204574704170227 12980
1745750522602 0.4498615860939026 13000
1745750530541 0.564258873462677 13020
1745750540189 0.47132280468940735 13040
1745750549419 0.4583794176578522 13060
1745750557478 0.5836687684059143 13080
1745750565783 0.5694229602813721 13100
1745750573515 0.5954493284225464 13120
1745750581296 0.6158762574195862 13140
1745750590462 0.5245959162712097 13160
1745750601073 0.5711666941642761 13180
1745750608416 0.5394015312194824 13200
1745750617459 0.5941379070281982 13220
1745750624851 0.5094761252403259 13240
1745750633877 0.5108745098114014 13260
1745750641151 0.5979245901107788 13280
1745750650037 0.5183921456336975 13300
1745750658600 0.6400113105773926 13320
1745750666885 0.5721744298934937 13340
1745750675438 0.5711143016815186 13360
1745750684473 0.56715989112854 13380
1745750692948 0.49660617113113403 13400
1745750701761 0.5772117972373962 13420
1745750709768 0.5873384475708008 13440
1745750717795 0.5642784237861633 13460
1745750727086 0.5710275173187256 13480
1745750735248 0.5177932381629944 13500
1745750743601 0.5649967789649963 13520
1745750752373 0.5367409586906433 13540
1745750761158 0.5389536619186401 13560
1745750768403 0.5310491323471069 13580
1745750776521 0.5847250819206238 13600
1745750785719 0.5885438919067383 13620
1745750794302 0.548213005065918 13640
1745750801683 0.5371993184089661 13660
1745750811050 0.5772252678871155 13680
1745750820569 0.5258968472480774 13700
1745750827859 0.6092855334281921 13720
1745750836920 0.590567946434021 13740
1745750845486 0.5456945300102234 13760
1745750853889 0.5462965369224548 13780
1745750863306 0.6006239056587219 13800
1745750872189 0.5779149532318115 13820
1745750880441 0.521331787109375 13840
1745750887406 0.6045345664024353 13860
1745750895810 0.6138264536857605 13880
1745750905312 0.5795745849609375 13900
1745750914135 0.5580533146858215 13920
1745750921140 0.5836913585662842 13940
1745750930772 0.543656587600708 13960
1745750938751 0.6234392523765564 13980
1745750947819 0.5884389281272888 14000
1745750956093 0.6233052015304565 14020
1745750965988 0.6219558715820312 14040
1745750973939 0.49173083901405334 14060
1745750982919 0.5641674995422363 14080
1745750991294 0.4845779538154602 14100
1745750999551 0.6393783092498779 14120
1745751007768 0.5471804738044739 14140
1745751017255 0.5774882435798645 14160
1745751025355 0.507938802242279 14180
1745751034842 0.48595473170280457 14200
1745751042373 0.6695042252540588 14220
1745751050842 0.5645543336868286 14240
1745751059353 0.524074137210846 14260
1745751067740 0.4924240708351135 14280
1745751076734 0.5635002851486206 14300
1745751085339 0.5145925879478455 14320
1745751093523 0.5123047232627869 14340
1745751101617 0.6554232835769653 14360
1745751109868 0.572715699672699 14380
1745751117340 0.6185651421546936 14400
1745751126388 0.509727418422699 14420
1745751134950 0.5705606937408447 14440
1745751141920 0.5830811262130737 14460
1745751150822 0.5442138910293579 14480
1745751159057 0.6384906768798828 14500
1745751167715 0.5109814405441284 14520
1745751176820 0.6108892560005188 14540
1745751184311 0.5155095458030701 14560
1745751193903 0.5712847709655762 14580
1745751201594 0.5617033243179321 14600
1745751209817 0.5341002345085144 14620
1745751218261 0.5493887662887573 14640
1745751227798 0.5708609819412231 14660
1745751236611 0.5610975027084351 14680
1745751245616 0.6033007502555847 14700
1745751252984 0.5824554562568665 14720
1745751261063 0.5778742432594299 14740
1745751270986 0.6803835034370422 14760
1745751278597 0.6130186915397644 14780
1745751287606 0.5659517049789429 14800
1745751296621 0.6132740378379822 14820
1745751304347 0.5363795757293701 14840
1745751312700 0.49169737100601196 14860
1745751320725 0.5839282274246216 14880
1745751329958 0.5775227546691895 14900
1745751338337 0.5219804048538208 14920
1745751345417 0.5515390038490295 14940
1745751355416 0.6154168248176575 14960
1745751364527 0.6714768409729004 14980
1745751371829 0.6352205872535706 15000
1745751380271 0.5208654999732971 15020
1745751389058 0.5312597155570984 15040
1745751396544 0.5747089385986328 15060
1745751405901 0.5174567103385925 15080
1745751414795 0.5305413603782654 15100
1745751423330 0.465638667345047 15120
1745751430782 0.5590206384658813 15140
1745751440434 0.5259460806846619 15160
1745751447453 0.55766761302948 15180
1745751456647 0.5687553286552429 15200
1745751466256 0.5260328650474548 15220
1745751473949 0.5490231513977051 15240
1745751482959 0.5095145106315613 15260
1745751491738 0.7160993218421936 15280
1745751499989 0.6029604077339172 15300
1745751507270 0.6146255731582642 15320
1745751515745 0.5957586765289307 15340
1745751524978 0.622769832611084 15360
1745751533261 0.5673638582229614 15380
1745751540822 0.5358405113220215 15400
1745751550024 0.4507335424423218 15420
1745751558130 0.6139904856681824 15440
1745751566503 0.5883358716964722 15460
1745751575807 0.5630640983581543 15480
1745751582826 0.5401610732078552 15500
1745751591917 0.5749111771583557 15520
1745751600040 0.5337103009223938 15540
1745751608749 0.5608848333358765 15560
1745751618147 0.5676785111427307 15580
1745751626115 0.5549817681312561 15600
1745751636015 0.5808722972869873 15620
1745751644533 0.5784410238265991 15640
1745751653931 0.5784447193145752 15660
1745751662599 0.5570504069328308 15680
1745751671247 0.6730155944824219 15700
1745751679240 0.4949539303779602 15720
1745751688140 0.47254663705825806 15740
1745751695445 0.6096314787864685 15760
1745751704855 0.657684862613678 15780
1745751712324 0.6055403351783752 15800
1745751721007 0.5323940515518188 15820
1745751729786 0.521773099899292 15840
1745751737909 0.5519092679023743 15860
1745751746373 0.6026769876480103 15880
1745751755187 0.5819896459579468 15900
1745751763437 0.5942384004592896 15920
1745751771734 0.5396614074707031 15940
1745751780334 0.5136646628379822 15960
1745751788617 0.5454685091972351 15980
1745751797880 0.5402733683586121 16000
1745751805766 0.5546860694885254 16020
1745751814007 0.5783382058143616 16040
1745751822486 0.5802310109138489 16060
1745751830791 0.572252631187439 16080
1745751839298 0.6312127709388733 16100
1745751848514 0.5383933186531067 16120
1745751855612 0.5997467637062073 16140
1745751864175 0.6535291075706482 16160
1745751872367 0.5919106006622314 16180
1745751880944 0.5127986073493958 16200
1745751890239 0.5521426796913147 16220
1745751898693 0.5904919505119324 16240
1745751907599 0.5476900339126587 16260
1745751916241 0.5969788432121277 16280
1745751924390 0.6557605862617493 16300
1745751933830 0.5655876994132996 16320
1745751941953 0.5139774680137634 16340
1745751950346 0.5840014219284058 16360
1745751959664 0.6705015897750854 16380
1745751967867 0.5969396233558655 16400
1745751975949 0.6356700658798218 16420
1745751984454 0.5250866413116455 16440
1745751993087 0.5581116676330566 16460
1745752003160 0.4842870235443115 16480
1745752010258 0.5601187348365784 16500
1745752020456 0.6239224672317505 16520
1745752028217 0.5465816855430603 16540
1745752036159 0.5703268051147461 16560
1745752044412 0.6318221092224121 16580
1745752053049 0.6347709894180298 16600
1745752062416 0.6038846373558044 16620
1745752071248 0.6205903887748718 16640
1745752079236 0.6434499621391296 16660
1745752087572 0.6038702726364136 16680
1745752095805 0.5996310114860535 16700
1745752104214 0.5103745460510254 16720
1745752113213 0.48361921310424805 16740
1745752120807 0.549882173538208 16760
1745752129994 0.5813064575195312 16780
1745752137783 0.5944413542747498 16800
1745752146633 0.618154764175415 16820
1745752155452 0.5119757652282715 16840
1745752164122 0.5584515333175659 16860
1745752171756 0.6304098963737488 16880
1745752181344 0.6494362354278564 16900
1745752189655 0.6102316975593567 16920
1745752197762 0.6007973551750183 16940
1745752205603 0.5989447236061096 16960
1745752214949 0.560155987739563 16980
1745752222668 0.6185613870620728 17000
1745752232123 0.593683660030365 17020
1745752239584 0.5821484923362732 17040
1745752248590 0.5086560845375061 17060
1745752258019 0.5475506782531738 17080
1745752265808 0.44937023520469666 17100
1745752273889 0.5602773427963257 17120
1745752283307 0.5238783359527588 17140
1745752290809 0.5424932241439819 17160
1745752300424 0.6055923700332642 17180
1745752308537 0.6647154092788696 17200
1745752317371 0.5824645757675171 17220
1745752323993 0.5188693404197693 17240
1745752333774 0.614589273929596 17260
1745752342762 0.5813454985618591 17280
1745752350217 0.6054638624191284 17300
1745752357930 0.5065572261810303 17320
1745752366432 0.6128246784210205 17340
1745752375566 0.5730096697807312 17360
1745752383708 0.5485281944274902 17380
1745752392079 0.5455744862556458 17400
1745752400339 0.582844614982605 17420
1745752407740 0.520892322063446 17440
1745752416608 0.5439554452896118 17460
1745752425534 0.5300204157829285 17480
1745752433352 0.5545541644096375 17500
1745752442300 0.5635268092155457 17520
1745752451418 0.6287811398506165 17540
1745752459097 0.6058953404426575 17560
1745752467005 0.6069572567939758 17580
1745752475636 0.5542407035827637 17600
1745752485190 0.6562365293502808 17620
1745752493172 0.6468930244445801 17640
1745752502369 0.5796664953231812 17660
1745752511618 0.5186567306518555 17680
1745752519791 0.5082263946533203 17700
1745752527098 0.5135766267776489 17720
1745752536044 0.5900628566741943 17740
1745752545003 0.6216689944267273 17760
1745752552511 0.5699288249015808 17780
1745752561695 0.5191217660903931 17800
1745752570304 0.566074788570404 17820
1745752578541 0.5606553554534912 17840
1745752586892 0.5664311051368713 17860
1745752595050 0.5427945256233215 17880
1745752604636 0.5638343691825867 17900
1745752613200 0.6292885541915894 17920
1745752620984 0.49214646220207214 17940
1745752630061 0.5849483609199524 17960
1745752637808 0.6856171488761902 17980
1745752646957 0.5993970036506653 18000
1745752654528 0.5802494287490845 18020
1745752663156 0.5661143660545349 18040
1745752672577 0.5773754119873047 18060
1745752680557 0.5097818970680237 18080
1745752687921 0.5548785328865051 18100
1745752696227 0.6343152523040771 18120
1745752705715 0.5001680254936218 18140
1745752713551 0.62018883228302 18160
1745752721470 0.5579044222831726 18180
1745752730408 0.5887949466705322 18200
1745752738390 0.5119945406913757 18220
1745752745690 0.5691990852355957 18240
1745752756206 0.5609144568443298 18260
1745752764900 0.5712614059448242 18280
1745752772753 0.48728957772254944 18300
1745752781158 0.5898402333259583 18320
1745752789950 0.5671009421348572 18340
1745752798349 0.6862658262252808 18360
1745752805520 0.5242622494697571 18380
1745752814327 0.5335411429405212 18400
1745752823708 0.5723063945770264 18420
1745752832393 0.5318915247917175 18440
1745752840284 0.638874351978302 18460
1745752849083 0.505102276802063 18480
1745752858328 0.5527974963188171 18500
1745752865655 0.5201837420463562 18520
1745752874764 0.6288189888000488 18540
1745752884046 0.5756451487541199 18560
1745752892382 0.6631591320037842 18580
1745752900057 0.5260363221168518 18600
1745752907752 0.5774850249290466 18620
1745752917167 0.6668554544448853 18640
1745752925177 0.5622280240058899 18660
1745752934202 0.48556599020957947 18680
1745752942852 0.5654343366622925 18700
1745752951002 0.49408167600631714 18720
1745752959266 0.574341893196106 18740
1745752967665 0.6535600423812866 18760
1745752975056 0.5861765146255493 18780
1745752984059 0.5641427040100098 18800
1745752993160 0.5469868779182434 18820
1745753000717 0.5611752867698669 18840
1745753009702 0.5645996928215027 18860
1745753016809 0.5589335560798645 18880
1745753027017 0.5450043082237244 18900
1745753035068 0.6302545070648193 18920
1745753043813 0.5551116466522217 18940
1745753052321 0.492482453584671 18960
1745753059151 0.5425885319709778 18980
1745753067564 0.6063569188117981 19000
1745753076665 0.6407107710838318 19020
1745753085564 0.587413489818573 19040
1745753093762 0.6077850461006165 19060
1745753102583 0.5161696672439575 19080
1745753111676 0.6072866916656494 19100
1745753120133 0.5418463349342346 19120
1745753129000 0.5797588229179382 19140
1745753137890 0.5596094727516174 19160
1745753146560 0.6195507645606995 19180
1745753153551 0.6024050116539001 19200
1745753162990 0.6209592223167419 19220
1745753171033 0.5585905313491821 19240
1745753180094 0.5968418717384338 19260
1745753189244 0.540631115436554 19280
1745753196562 0.540155827999115 19300
1745753206278 0.578119695186615 19320
1745753215373 0.5962681770324707 19340
1745753223458 0.547035276889801 19360
1745753230608 0.6182962656021118 19380
1745753240674 0.6094494462013245 19400
1745753249299 0.5018654465675354 19420
1745753256732 0.5063735842704773 19440
1745753266217 0.639214038848877 19460
1745753274940 0.6250047087669373 19480
1745753281986 0.5264931917190552 19500
1745753290541 0.6146610379219055 19520
1745753299262 0.6363154649734497 19540
1745753307969 0.5970796942710876 19560
1745753318356 0.5384904742240906 19580
1745753326560 0.6167213916778564 19600
1745753334873 0.5902450084686279 19620
1745753343467 0.575629711151123 19640
1745753351015 0.5492513179779053 19660
1745753359684 0.6519749760627747 19680
1745753369211 0.5664045810699463 19700
1745753377775 0.5845845341682434 19720
1745753385838 0.6317560076713562 19740
1745753394744 0.6084839105606079 19760
1745753402189 0.5866947174072266 19780
1745753411296 0.5408838391304016 19800
1745753419910 0.5024508833885193 19820
1745753430258 0.5323398113250732 19840
1745753438374 0.5518878102302551 19860
1745753447079 0.5405092835426331 19880
1745753455419 0.6167206168174744 19900
1745753463607 0.6585913896560669 19920
1745753472498 0.5577986836433411 19940
1745753482223 0.5356164574623108 19960
1745753490201 0.6004511117935181 19980
1745753499309 0.5558502674102783 20000
1745753509989 0.5398274660110474 20020
1745753518078 0.6047859787940979 20040
1745753525950 0.5920396447181702 20060
1745753534875 0.5692362785339355 20080
1745753543611 0.6331049799919128 20100
1745753551879 0.5563214421272278 20120
1745753561383 0.6202031970024109 20140
1745753568989 0.5678482055664062 20160
1745753578245 0.5838606357574463 20180
1745753587589 0.5414700508117676 20200
1745753596384 0.6107435822486877 20220
1745753604995 0.593930721282959 20240
1745754807438 0.6536780595779419 20260
1745754816364 0.5857972502708435 20280
1745754825382 0.5962561368942261 20300
1745754834708 0.5846644043922424 20320
1745754844807 0.4474788308143616 20340
1745754853421 0.6219313740730286 20360
1745754862957 0.5774351358413696 20380
1745754872971 0.5899997353553772 20400
1745754882363 0.47537919878959656 20420
1745754890503 0.4963838756084442 20440
1745754899573 0.5671001076698303 20460
1745754909595 0.5683940052986145 20480
1745754919183 0.5716525912284851 20500
1745754928775 0.546531617641449 20520
1745754938592 0.527443528175354 20540
1745754947524 0.5417293310165405 20560
1745754954968 0.6055892705917358 20580
1745754965714 0.5612274408340454 20600
1745754974124 0.47143319249153137 20620
1745754984748 0.5422738194465637 20640
1745754993520 0.6407400369644165 20660
1745755003669 0.521935224533081 20680
1745755010869 0.47881215810775757 20700
1745755020649 0.6094990372657776 20720
1745755031623 0.6348713636398315 20740
1745755041309 0.6196752190589905 20760
1745755049874 0.6373878717422485 20780
1745755058709 0.6279779672622681 20800
1745755068040 0.5003798007965088 20820
1745755077874 0.6361908912658691 20840
1745755085024 0.5826616883277893 20860
1745755097264 0.5831630825996399 20880
1745755106414 0.5308908820152283 20900
1745755115441 0.6087943911552429 20920
1745755125311 0.5159180760383606 20940
1745755134388 0.5261971354484558 20960
1745755144098 0.6119488477706909 20980
1745755152023 0.5656565427780151 21000
1745755162922 0.5345228314399719 21020
1745755172601 0.6761797666549683 21040
1745755182069 0.6413895487785339 21060
1745755191125 0.6812521815299988 21080
1745755200712 0.5701159238815308 21100
1745755209663 0.6171943545341492 21120
1745755218690 0.6676783561706543 21140
1745755228807 0.5221182107925415 21160
1745755237795 0.5382634997367859 21180
1745755246171 0.49013015627861023 21200
1745755255262 0.48471829295158386 21220
1745755264561 0.558451771736145 21240
1745755275162 0.5583046674728394 21260
1745755284311 0.5550649762153625 21280
1745755294045 0.5811576247215271 21300
1745755302953 0.6417089104652405 21320
1745755311552 0.5320056676864624 21340
1745755322642 0.5028097033500671 21360
1745755332111 0.5279564261436462 21380
1745755341263 0.5679104328155518 21400
1745755351056 0.5755921602249146 21420
1745755359485 0.5432872772216797 21440
1745755369542 0.6140329241752625 21460
1745755378180 0.5222957134246826 21480
1745755388636 0.607718288898468 21500
1745755398203 0.4889697730541229 21520
1745755405672 0.54488605260849 21540
1745755415744 0.5884256362915039 21560
1745755425150 0.5594353079795837 21580
1745755435914 0.5749936699867249 21600
1745755444830 0.6000761389732361 21620
1745755453376 0.579082727432251 21640
1745755464072 0.5800138115882874 21660
1745755472049 0.558924674987793 21680
1745755481588 0.6348267197608948 21700
1745755491468 0.6092378497123718 21720
1745755500323 0.4916652739048004 21740
1745755510755 0.610251247882843 21760
1745755519428 0.5826862454414368 21780
1745755530724 0.556175947189331 21800
1745755539937 0.5861536860466003 21820
1745755549227 0.532363772392273 21840
1745755558110 0.5899828672409058 21860
1745755568035 0.5417040586471558 21880
1745755577173 0.6159977912902832 21900
1745755587699 0.5914759039878845 21920
1745755597099 0.5510066151618958 21940
1745755606045 0.544647216796875 21960
1745755614664 0.5741751194000244 21980
1745755624380 0.6281858086585999 22000
1745755634824 0.47683480381965637 22020
1745755644190 0.6026037931442261 22040
1745755653167 0.523924708366394 22060
1745755661577 0.5498258471488953 22080
1745755672420 0.5292373895645142 22100
1745755681793 0.6186084151268005 22120
1745755689878 0.6351228952407837 22140
1745755701066 0.6876286268234253 22160
1745755711178 0.5655124187469482 22180
1745755720458 0.6345819234848022 22200
1745755730003 0.5834935903549194 22220
1745755738729 0.5281882286071777 22240
1745755749161 0.5818626284599304 22260
1745755758373 0.5424585938453674 22280
1745755766273 0.5596623420715332 22300
1745755776814 0.5917396545410156 22320
1745755784718 0.6457038521766663 22340
1745755794803 0.6072423458099365 22360
1745755804983 0.5712156295776367 22380
1745755814830 0.5732906460762024 22400
1745755824229 0.6025151014328003 22420
1745755832980 0.625423014163971 22440
1745755843191 0.5452151298522949 22460
1745755852670 0.6535965204238892 22480
1745755861553 0.5944335460662842 22500
1745755871315 0.65409255027771 22520
1745755880955 0.66200190782547 22540
1745755889962 0.5481857657432556 22560
1745755899689 0.6815654039382935 22580
1745755908758 0.5957702994346619 22600
1745755917892 0.5629794001579285 22620
1745755926701 0.6364521980285645 22640
1745755937629 0.5145819187164307 22660
1745755946769 0.6454776525497437 22680
1745755956092 0.5540816783905029 22700
1745755965062 0.6364835500717163 22720
1745755973970 0.5381039977073669 22740
1745755982986 0.5845149159431458 22760
1745755992344 0.5526131987571716 22780
1745756002927 0.495033323764801 22800
1745756011526 0.6008073091506958 22820
1745756021411 0.5924164652824402 22840
1745756030250 0.45895370841026306 22860
1745756039711 0.46183258295059204 22880
1745756049905 0.5843097567558289 22900
1745756059599 0.66368168592453 22920
1745756067625 0.6280921697616577 22940
1745756077288 0.5662909746170044 22960
1745756086452 0.5296934843063354 22980
1745756097134 0.583985447883606 23000
1745756104624 0.5233617424964905 23020
1745756114405 0.5185953378677368 23040
1745756124709 0.5729061961174011 23060
1745756133056 0.6106804609298706 23080
1745756142961 0.6154037714004517 23100
1745756152709 0.5155737996101379 23120
1745756161397 0.5564554929733276 23140
1745756169717 0.6137266755104065 23160
1745756178712 0.5154732465744019 23180
1745756188848 0.5209004878997803 23200
1745756198458 0.5628496408462524 23220
1745756206932 0.58642578125 23240
1745756216744 0.5286149382591248 23260
1745756225879 0.5978407859802246 23280
1745756236295 0.517918586730957 23300
1745756246373 0.5719127058982849 23320
1745756255427 0.6254799365997314 23340
1745756264032 0.6022244095802307 23360
1745756272458 0.6080983877182007 23380
1745756283368 0.6441370844841003 23400
1745756292230 0.5491389632225037 23420
1745756301525 0.4920550286769867 23440
1745756311848 0.6344032883644104 23460
1745756320698 0.6144081354141235 23480
1745756331066 0.6130663156509399 23500
1745756340286 0.49298757314682007 23520
1745756350285 0.5673011541366577 23540
1745756359269 0.584453284740448 23560
1745756368171 0.6044267416000366 23580
1745756377436 0.5804247856140137 23600
1745756386098 0.5979049801826477 23620
1745756395760 0.5968329310417175 23640
1745756404740 0.4982316792011261 23660
1745756414687 0.569344162940979 23680
1745756424872 0.5742881894111633 23700
1745756434256 0.48625949025154114 23720
1745756442464 0.5621450543403625 23740
1745756452042 0.5546333193778992 23760
1745756461493 0.6139857172966003 23780
1745756471542 0.5182446837425232 23800
1745756480051 0.618687629699707 23820
1745756489320 0.5674256086349487 23840
1745756499642 0.549963653087616 23860
1745756508444 0.6381639838218689 23880
1745756517546 0.5498363375663757 23900
1745756528130 0.6597293019294739 23920
1745756536633 0.5736107230186462 23940
1745756547212 0.6010631918907166 23960
1745756556670 0.6840357184410095 23980
1745756565637 0.5003280639648438 24000
1745756574997 0.5492367148399353 24020
1745756584397 0.5547906756401062 24040
1745756593907 0.6202902793884277 24060
1745756604256 0.5642058849334717 24080
1745756611812 0.5711399912834167 24100
1745756621759 0.6029360294342041 24120
1745756630352 0.5932444930076599 24140
1745756641306 0.6453086733818054 24160
1745756649380 0.5428864359855652 24180
1745756659962 0.4678645133972168 24200
1745756668543 0.6134450435638428 24220
1745756678825 0.5111967325210571 24240
1745756687430 0.570168673992157 24260
1745756696512 0.5914647579193115 24280
1745756706476 0.5399450063705444 24300
1745756715179 0.6259127259254456 24320
1745756725072 0.5515747666358948 24340
1745756735107 0.5135752558708191 24360
1745756744511 0.6554310917854309 24380
1745756753899 0.6281000375747681 24400
1745756762318 0.6246926784515381 24420
1745756771917 0.5740159749984741 24440
1745756782069 0.5341047048568726 24460
1745756791733 0.576979398727417 24480
1745756801080 0.5345181822776794 24500
1745756810470 0.6634230613708496 24520
1745756820296 0.5644903182983398 24540
1745756830404 0.5374701619148254 24560
1745756839339 0.6039815545082092 24580
1745756848945 0.5773231983184814 24600
1745756857772 0.6225119829177856 24620
1745756867293 0.5852597951889038 24640
1745756876270 0.5504356622695923 24660
1745756885755 0.4910981059074402 24680
1745756894095 0.6447325348854065 24700
1745756905854 0.6082696914672852 24720
1745756914563 0.5169623494148254 24740
1745756923970 0.5673488974571228 24760
1745756932937 0.6053904891014099 24780
1745756942401 0.605663537979126 24800
1745756951882 0.5840936899185181 24820
1745756961865 0.5769405961036682 24840
1745756970488 0.5990227460861206 24860
1745756979899 0.6273541450500488 24880
1745756989902 0.5167825818061829 24900
1745757000047 0.6133358478546143 24920
1745757009085 0.5618219971656799 24940
1745757018973 0.6509461998939514 24960
1745757028607 0.5871744751930237 24980
1745757037668 0.5372399091720581 25000
1745757047068 0.6045235991477966 25020
1745757057505 0.5296051502227783 25040
1745757067487 0.5555676221847534 25060
1745757075769 0.5802012085914612 25080
1745757086599 0.6195825934410095 25100
1745757096923 0.5444650650024414 25120
1745757105418 0.6371504664421082 25140
1745757115745 0.5444377660751343 25160
1745757125514 0.5665504336357117 25180
1745757133409 0.6346893906593323 25200
1745757144442 0.6217318177223206 25220
1745757153225 0.5476146340370178 25240
1745757163370 0.5999730229377747 25260
1745757173070 0.5223672986030579 25280
1745757182679 0.5965209007263184 25300
1745757190484 0.6355782747268677 25320
1745757201197 0.5507184863090515 25340
1745757211890 0.5713592171669006 25360
1745757220190 0.5588359832763672 25380
1745757230109 0.5774766802787781 25400
1745757238897 0.5988517999649048 25420
1745757249633 0.5284364223480225 25440
1745757258988 0.5820717215538025 25460
1745757268767 0.5517340302467346 25480
1745757277338 0.5754937529563904 25500
1745757288100 0.6104479432106018 25520
1745757296820 0.6425818800926208 25540
1745757305460 0.5210124850273132 25560
1745757314968 0.5465818643569946 25580
1745757325220 0.5536391735076904 25600
1745757334264 0.5052881240844727 25620
1745757344423 0.6578726768493652 25640
1745757353120 0.5810116529464722 25660
1745757363627 0.5680656433105469 25680
1745757372920 0.5404757857322693 25700
1745757382556 0.6511585116386414 25720
1745757392449 0.656291663646698 25740
1745757401906 0.5108926892280579 25760
1745757410630 0.6669321656227112 25780
1745757420706 0.5934978723526001 25800
1745757430300 0.6277132034301758 25820
1745757438958 0.6157800555229187 25840
1745757449280 0.6120479702949524 25860
1745757458409 0.6554033756256104 25880
1745757467560 0.61865234375 25900
1745757476734 0.6406683325767517 25920
1745757486705 0.4577864110469818 25940
1745757496238 0.5989342331886292 25960
1745757505705 0.5540080070495605 25980
1745757515970 0.6320614218711853 26000
1745757525241 0.5385391712188721 26020
1745757534729 0.5481221675872803 26040
1745757544333 0.5839943289756775 26060
1745757553526 0.5953918099403381 26080
1745757561850 0.6424408555030823 26100
1745757572079 0.5743144750595093 26120
1745757581777 0.7044055461883545 26140
1745757592122 0.4972347915172577 26160
1745757600770 0.5736958980560303 26180
1745757611378 0.5798462629318237 26200
1745757620800 0.6023913621902466 26220
1745757629518 0.4913884699344635 26240
1745757639086 0.6397984623908997 26260
1745757648183 0.6188652515411377 26280
1745757657933 0.6832060813903809 26300
1745757668102 0.54837566614151 26320
1745757677502 0.5519956946372986 26340
1745757686747 0.5503556728363037 26360
1745757696728 0.5741356015205383 26380
1745757705735 0.5771554112434387 26400
1745757714191 0.5788351893424988 26420
1745757723460 0.6338828206062317 26440
1745757734088 0.5495123267173767 26460
1745757743856 0.5548215508460999 26480
1745757752921 0.5486547350883484 26500
1745757761949 0.5936780571937561 26520
1745757771446 0.6835141181945801 26540
1745757781343 0.6105393171310425 26560
1745757790741 0.5789645910263062 26580
1745757800311 0.6113293766975403 26600
1745757809531 0.5193214416503906 26620
1745757819483 0.6465315222740173 26640
1745757829001 0.6358872056007385 26660
1745757838560 0.5407639741897583 26680
1745757846636 0.6320511102676392 26700
1745757856459 0.5738348960876465 26720
1745757866286 0.5617557168006897 26740
1745757875994 0.5373876094818115 26760
1745757886476 0.6371166706085205 26780
1745757894848 0.5920298099517822 26800
1745757904587 0.4734148681163788 26820
1745757914721 0.5012887120246887 26840
1745757924485 0.5736926794052124 26860
1745757933348 0.6573225855827332 26880
1745757943635 0.5120484828948975 26900
1745757953677 0.6733587980270386 26920
1745757961921 0.5687597393989563 26940
1745757971808 0.5587650537490845 26960
1745757980863 0.4994962811470032 26980
1745757990715 0.5423901677131653 27000
1745758000719 0.5974025726318359 27020
1745758009744 0.5951398611068726 27040
1745758019309 0.6490333080291748 27060
1745758028762 0.5640848278999329 27080
1745758038512 0.6522087454795837 27100
1745758047155 0.5702376365661621 27120
1745758055620 0.5658155679702759 27140
1745758065512 0.558991014957428 27160
1745758074821 0.5376936793327332 27180
1745758084218 0.5252718329429626 27200
1745758093816 0.5891010761260986 27220
1745758102187 0.5347227454185486 27240
1745758113011 0.5392300486564636 27260
1745758122837 0.5756653547286987 27280
1745758132173 0.5353688597679138 27300
1745758140029 0.6803606152534485 27320
1745758151186 0.5771026015281677 27340
1745758160262 0.5181255340576172 27360
1745758169178 0.6531997323036194 27380
1745758180154 0.5267990231513977 27400
1745758189140 0.5872787237167358 27420
1745758199094 0.6233300566673279 27440
1745758208369 0.5426855683326721 27460
1745758218109 0.5917261242866516 27480
1745758227285 0.5721124410629272 27500
1745758234555 0.5270782113075256 27520
1745758245579 0.5811967849731445 27540
1745758253898 0.5651215314865112 27560
1745758261963 0.5597003102302551 27580
1745758273056 0.6105895042419434 27600
1745758282329 0.5634596943855286 27620
1745758290621 0.49804452061653137 27640
1745758300843 0.5395469069480896 27660
1745758310762 0.5960215330123901 27680
1745758320330 0.5478289723396301 27700
1745758329816 0.5138934850692749 27720
1745758339366 0.6230993270874023 27740
1745758348372 0.6195731163024902 27760
1745758357533 0.6145220994949341 27780
1745758367357 0.6037752628326416 27800
1745758376120 0.5966095328330994 27820
1745758385590 0.5183802843093872 27840
1745758394164 0.5197060108184814 27860
1745758404044 0.6771458387374878 27880
1745758412649 0.5635734796524048 27900
1745758423410 0.6917577981948853 27920
1745758432617 0.6575015783309937 27940
1745758442875 0.5345906615257263 27960
1745758451596 0.6460587382316589 27980
1745758461098 0.5743107795715332 28000
1745758470165 0.5481137037277222 28020
1745758480737 0.6167827844619751 28040
1745758489704 0.6391220688819885 28060
1745758498528 0.5414782166481018 28080
1745758507910 0.600873589515686 28100
1745758518118 0.5521218180656433 28120
1745758528138 0.5496402382850647 28140
1745758536008 0.6819585561752319 28160
1745758547189 0.6007446050643921 28180
1745758557527 0.6159027814865112 28200
1745758565822 0.45049071311950684 28220
1745758575900 0.6765245795249939 28240
1745758586258 0.6246720552444458 28260
1745758596588 0.6396682858467102 28280
1745758606243 0.49759045243263245 28300
1745758614956 0.6429635882377625 28320
1745758625988 0.6886774897575378 28340
1745758634963 0.6435260772705078 28360
1745758643651 0.5868626236915588 28380
1745758654618 0.573494553565979 28400
1745758662576 0.6725677847862244 28420
1745758673876 0.5817798376083374 28440
1745758683477 0.5640355944633484 28460
1745758691862 0.5827949047088623 28480
1745758701694 0.6118935346603394 28500
1745758710668 0.5710300803184509 28520
1745758720585 0.556226909160614 28540
1745758729474 0.5682758092880249 28560
1745758739217 0.504629909992218 28580
1745758747075 0.6264597773551941 28600
1745758756815 0.5989453792572021 28620
1745758767564 0.5388008952140808 28640
1745758776591 0.6177719831466675 28660
1745758785106 0.47209590673446655 28680
1745758795129 0.597929835319519 28700
1745758804215 0.6078563928604126 28720
1745758813817 0.6263429522514343 28740
1745758823337 0.5149948000907898 28760
1745758833060 0.6470810174942017 28780
1745758842041 0.5936421751976013 28800
1745758851877 0.6041836738586426 28820
1745758861522 0.6040173768997192 28840
1745758870303 0.591989278793335 28860
1745758879790 0.5622267127037048 28880
1745758888915 0.5784404277801514 28900
1745758898854 0.5414208173751831 28920
1745758908895 0.6045962572097778 28940
1745758918304 0.48388487100601196 28960
1745758926929 0.5222610235214233 28980
1745758937064 0.5497999787330627 29000
1745758947230 0.5410003066062927 29020
1745758956856 0.5796208381652832 29040
1745758966183 0.5631236433982849 29060
1745758974913 0.5238744020462036 29080
1745758984100 0.6855649352073669 29100
1745758992410 0.6433309316635132 29120
1745759002088 0.5130466818809509 29140
1745759011704 0.5134435296058655 29160
1745759022135 0.6351791620254517 29180
1745759030181 0.6066848635673523 29200
1745759040696 0.5444061160087585 29220
1745759049717 0.6997820734977722 29240
1745759059032 0.6458042860031128 29260
1745759067666 0.6864648461341858 29280
1745759077668 0.6171918511390686 29300
1745759086503 0.612305223941803 29320
1745759096029 0.5260322690010071 29340
1745759106873 0.573705792427063 29360
1745759114108 0.579231321811676 29380
1745759123304 0.657141923904419 29400
1745759134145 0.6200714111328125 29420
1745759144119 0.6572656035423279 29440
1745759153335 0.5615604519844055 29460
1745759162917 0.5798901319503784 29480
1745759172179 0.6780043244361877 29500
1745759182321 0.6241555213928223 29520
1745759191897 0.5527874231338501 29540
1745759199961 0.4963490962982178 29560
1745759211016 0.5739098787307739 29580
1745759220231 0.5842409729957581 29600
1745759229894 0.6006882786750793 29620
1745759239810 0.5835146307945251 29640
1745759247988 0.5922256112098694 29660
1745759258205 0.5794134140014648 29680
1745759268308 0.6263901591300964 29700
1745759277916 0.5158686637878418 29720
1745759286333 0.5644693970680237 29740
1745759297258 0.6846902370452881 29760
1745759306151 0.5590386390686035 29780
1745759314892 0.5137808918952942 29800
1745759323155 0.5668985843658447 29820
1745759333343 0.5305997133255005 29840
1745759342953 0.5528621673583984 29860
1745759352272 0.5894654989242554 29880
1745759362925 0.641344428062439 29900
1745759371670 0.530293881893158 29920
1745759381536 0.5676097273826599 29940
1745759391435 0.5725284814834595 29960
1745759399577 0.5322146415710449 29980
1745759409615 0.539703905582428 30000
1745759421584 0.5638265609741211 30020
1745759430064 0.6146576404571533 30040
1745759439274 0.5810927152633667 30060
1745759449815 0.533257246017456 30080
1745759460293 0.6001279950141907 30100
1745759468497 0.5783329010009766 30120
1745759479109 0.4654281735420227 30140
1745759487928 0.5688835382461548 30160
1745759497258 0.573104739189148 30180
1745759507385 0.5766392350196838 30200
1745759517041 0.582716703414917 30220
1745759526999 0.585300862789154 30240
1745759536076 0.5951641201972961 30260
1745759545044 0.5581005215644836 30280
1745759555114 0.577800989151001 30300
1745759565233 0.5797889828681946 30320
1745759574168 0.4989658296108246 30340
1745759584338 0.6973636746406555 30360
1745759592773 0.5700858235359192 30380
1745759602569 0.6643086075782776 30400
1745759612301 0.5368894934654236 30420
1745759622164 0.5263922214508057 30440
1745759630736 0.5437306761741638 30460
1745759640694 0.5389273762702942 30480
1745759649401 0.6117644906044006 30500
1745759658734 0.5865518450737 30520
1745759667466 0.6470720171928406 30540
1745759677798 0.5179478526115417 30560
1745759687082 0.5636534690856934 30580
1745759697244 0.6490700840950012 30600
1745759705490 0.610074520111084 30620
1745759715667 0.5768694877624512 30640
1745759723953 0.5421306490898132 30660
1745759734361 0.6383979320526123 30680
1745759744101 0.5760837197303772 30700
1745759753690 0.6080430150032043 30720
1745759763329 0.5916613340377808 30740
1745759772185 0.6483531594276428 30760
1745759782281 0.5953514575958252 30780
1745759791991 0.592679500579834 30800
1745759800652 0.6252305507659912 30820
1745759810969 0.5805870890617371 30840
1745759819429 0.6242675185203552 30860
1745759829399 0.628581166267395 30880
1745759838066 0.5766763091087341 30900
1745759848559 0.6611255407333374 30920
1745759856867 0.6169559359550476 30940
1745759868369 0.5436511039733887 30960
1745759876585 0.6151767373085022 30980
1745759886853 0.5348465442657471 31000
1745759896090 0.6031196117401123 31020
1745759905171 0.5421559810638428 31040
1745759915387 0.6288377642631531 31060
1745759925363 0.698602020740509 31080
1745759933340 0.5122131705284119 31100
1745759944290 0.517005205154419 31120
1745759952728 0.5189852118492126 31140
1745759962948 0.6552847027778625 31160
1745759972517 0.7074720859527588 31180
1745759980803 0.5778304934501648 31200
1745759990997 0.5343783497810364 31220
1745760000776 0.5558559894561768 31240
1745760010973 0.5790368914604187 31260
1745760019900 0.5385397672653198 31280
1745760028702 0.5209956169128418 31300
1745760038451 0.5972505807876587 31320
1745760048350 0.5212715268135071 31340
1745760058856 0.6352741122245789 31360
1745760068164 0.5948280096054077 31380
1745760078066 0.6108831167221069 31400
1745760087985 0.6366144418716431 31420
1745760098036 0.5688038468360901 31440
1745760107798 0.5865411162376404 31460
1745760115947 0.5937680006027222 31480
1745760127166 0.6212776303291321 31500
1745760135879 0.5508676767349243 31520
1745760145344 0.5613349676132202 31540
1745760155738 0.7495673298835754 31560
1745760165047 0.6200301647186279 31580
1745760173492 0.6440781354904175 31600
1745760183184 0.5164124965667725 31620
1745760193238 0.6587903499603271 31640
1745760203741 0.5481632351875305 31660
1745760213149 0.5727344751358032 31680
1745760221770 0.6078171730041504 31700
1745760231925 0.4608369469642639 31720
1745760241159 0.6030637621879578 31740
1745760251534 0.6216860413551331 31760
1745760260000 0.5533672571182251 31780
1745760269863 0.6734680533409119 31800
1745760280556 0.5512899160385132 31820
1745760289279 0.6078656911849976 31840
1745760299331 0.634792149066925 31860
1745760310326 0.6895158886909485 31880
1745760319035 0.6152958273887634 31900
1745760328688 0.5844089984893799 31920
1745760338030 0.6220557689666748 31940
1745760348680 0.6143361330032349 31960
1745760357589 0.518090546131134 31980
1745760368151 0.5880253911018372 32000
1745760377115 0.5463184714317322 32020
1745760385480 0.5522651076316833 32040
1745760395195 0.6739059090614319 32060
1745760404975 0.504793643951416 32080
1745760414872 0.5805106163024902 32100
1745760424814 0.5702731013298035 32120
1745760434747 0.6019097566604614 32140
1745760442733 0.47168388962745667 32160
1745760452337 0.6056230664253235 32180
1745760462630 0.6010007262229919 32200
1745760471987 0.6080120205879211 32220
1745760481940 0.548317015171051 32240
1745760491379 0.6152781248092651 32260
1745760501430 0.5093442797660828 32280
1745760511628 0.4787992835044861 32300
1745760520072 0.5461626648902893 32320
1745760530805 0.6570271253585815 32340
1745760540226 0.5947949290275574 32360
1745760547743 0.601865828037262 32380
1745760558803 0.5390596985816956 32400
1745760567682 0.5790132284164429 32420
1745760578129 0.6521804928779602 32440
1745760586591 0.51436448097229 32460
1745760596401 0.6745617985725403 32480
1745760606926 0.5742727518081665 32500
1745760616363 0.6213502883911133 32520
1745760625175 0.5839108228683472 32540
1745760634912 0.5421586632728577 32560
1745760643444 0.6768120527267456 32580
1745760653546 0.4701322615146637 32600
1745760662535 0.6071793437004089 32620
1745760671720 0.5563704371452332 32640
1745760681243 0.6420653462409973 32660
1745760691243 0.5089815855026245 32680
1745760700055 0.46412527561187744 32700
1745760708762 0.5975064039230347 32720
1745760718725 0.645210862159729 32740
1745760728059 0.5079557299613953 32760
1745760738636 0.7298358678817749 32780
1745760747582 0.6154700517654419 32800
1745760756883 0.6063653826713562 32820
1745760767929 0.6689893007278442 32840
1745760776093 0.5528988838195801 32860
1745760785502 0.5858173966407776 32880
1745760796249 0.6468668580055237 32900
1745760805954 0.5826818346977234 32920
1745760813544 0.6072492599487305 32940
1745760823384 0.6563990116119385 32960
1745760833345 0.5801994204521179 32980
1745760843805 0.5626900792121887 33000
1745760852148 0.6146692633628845 33020
1745760862008 0.5287958383560181 33040
1745760871901 0.5331153273582458 33060
1745760881365 0.5694718956947327 33080
1745760890974 0.5955502986907959 33100
1745760900467 0.6300491094589233 33120
1745760909751 0.6013568043708801 33140
1745760918261 0.6073288917541504 33160
1745760928076 0.576708972454071 33180
1745760937827 0.6088550686836243 33200
1745760947718 0.5036570429801941 33220
1745760957366 0.6712408661842346 33240
1745760966654 0.6290397047996521 33260
1745760976633 0.6358504891395569 33280
1745760986409 0.5323168039321899 33300
1745760996134 0.6166293621063232 33320
1745761005274 0.6787404417991638 33340
1745761014845 0.6342618465423584 33360
1745761023494 0.578199028968811 33380
1745761033927 0.6250594258308411 33400
1745761043246 0.5778945684432983 33420
1745761052897 0.6059718728065491 33440
1745761061378 0.642042875289917 33460
1745761072203 0.6276465654373169 33480
1745761080205 0.5790597796440125 33500
1745761090171 0.5257952213287354 33520
1745761099800 0.5843726992607117 33540
1745761108709 0.508427619934082 33560
1745761118919 0.6034658551216125 33580
1745761128817 0.6111279726028442 33600
1745761136463 0.5708841681480408 33620
1745761147113 0.4626677334308624 33640
1745761157103 0.7023702263832092 33660
1745761165547 0.6668198108673096 33680
1745761176151 0.6376270651817322 33700
1745761184679 0.6513986587524414 33720
1745761194639 0.5557325482368469 33740
1745761203053 0.5753769874572754 33760
1745761213706 0.7190219163894653 33780
1745761223379 0.5106982588768005 33800
1745761232436 0.6719614267349243 33820
1745761242134 0.6429077982902527 33840
1745761251131 0.6021962761878967 33860
1745761261147 0.6761448979377747 33880
1745761270655 0.564170241355896 33900
1745761279250 0.566343367099762 33920
1745761290169 0.5380951166152954 33940
1745761297482 0.568164050579071 33960
1745761307399 0.6206136345863342 33980
1745761317620 0.6110722422599792 34000
1745761327974 0.5483657717704773 34020
1745761337339 0.48584824800491333 34040
1745761345350 0.6672230958938599 34060
1745761355107 0.5888713598251343 34080
1745761364872 0.5275107026100159 34100
1745761375203 0.5720524191856384 34120
1745761384873 0.5907394886016846 34140
1745761393088 0.523810863494873 34160
1745761403916 0.600387454032898 34180
1745761412619 0.6687096953392029 34200
1745761423213 0.5567078590393066 34220
1745761432137 0.5851999521255493 34240
1745761440423 0.6072604656219482 34260
1745761451223 0.6803561449050903 34280
1745761461386 0.5755615830421448 34300
1745761470213 0.6527807116508484 34320
1745761480365 0.6651418805122375 34340
1745761489763 0.6886601448059082 34360
1745761498385 0.6360888481140137 34380
1745761507723 0.5856893658638 34400
1745761517574 0.5937072038650513 34420
1745761527216 0.6512059569358826 34440
1745761537925 0.5227600336074829 34460
1745761547478 0.6287075877189636 34480
1745761556869 0.5336833596229553 34500
1745761564414 0.6761443018913269 34520
1745761575854 0.6270388960838318 34540
1745761585150 0.5543032288551331 34560
1745761593971 0.7049123048782349 34580
1745761606011 0.6113175749778748 34600
1745761614446 0.6098960638046265 34620
1745761624591 0.5994121432304382 34640
1745761634920 0.539371132850647 34660
1745761646442 0.5460894703865051 34680
