1745745154949 0.8900855779647827 20
1745745162388 0.8558436632156372 40
1745745169346 0.7742910981178284 60
1745745177332 0.5223142504692078 80
1745745184558 0.6234333515167236 100
1745745190431 0.591987133026123 120
1745745199463 0.5233163237571716 140
1745745205646 0.4631899893283844 160
1745745212963 0.5219850540161133 180
1745745221439 0.4838292598724365 200
1745745228630 0.5381274819374084 220
1745745235710 0.5911924242973328 240
1745745243851 0.469274640083313 260
1745745250424 0.5280725359916687 280
1745745257954 0.49475759267807007 300
1745745264241 0.5194317698478699 320
1745745272775 0.5078872442245483 340
1745745281167 0.4293038845062256 360
1745745288570 0.4354197680950165 380
1745745295588 0.43931370973587036 400
1745745303528 0.4699953496456146 420
1745745310827 0.36610138416290283 440
1745745317442 0.406120628118515 460
1745745326378 0.5154806971549988 480
1745745333073 0.3797827661037445 500
1745745342233 0.40356555581092834 520
1745745349178 0.41280558705329895 540
1745745356308 0.43348929286003113 560
1745745364314 0.4545678198337555 580
1745745372350 0.3441222906112671 600
1745745379696 0.42353516817092896 620
1745745388024 0.38607731461524963 640
1745745395785 0.3722221553325653 660
1745745403104 0.38618049025535583 680
1745745411363 0.3841197192668915 700
1745745417199 0.39988061785697937 720
1745745425577 0.425315260887146 740
1745745433086 0.3648190200328827 760
1745745442158 0.42514488101005554 780
1745745448493 0.5114445090293884 800
1745745455749 0.3407094478607178 820
1745745463065 0.3188369870185852 840
1745745472295 0.48545175790786743 860
1745745480056 0.37513068318367004 880
1745745487938 0.356752872467041 900
1745745494874 0.31622764468193054 920
1745745502719 0.38672611117362976 940
1745745509832 0.3639363646507263 960
1745745518029 0.283443421125412 980
1745745526033 0.3987390100955963 1000
1745745534711 0.3586650788784027 1020
1745745541837 0.3440967798233032 1040
1745745548960 0.3183208107948303 1060
1745745556894 0.4864223599433899 1080
1745745564085 0.4010397493839264 1100
1745745573726 0.37626880407333374 1120
1745745581877 0.3715659976005554 1140
1745745589942 0.3638560175895691 1160
1745745596938 0.3236304521560669 1180
1745745603821 0.41996970772743225 1200
1745745612481 0.3280971050262451 1220
1745745621243 0.3121122717857361 1240
1745745628645 0.34229108691215515 1260
1745745637623 0.2804993987083435 1280
1745745645553 0.37735509872436523 1300
1745745651721 0.31409329175949097 1320
1745745659865 0.3173641860485077 1340
1745745667508 0.36295855045318604 1360
1745745674409 0.39015644788742065 1380
1745745684218 0.33744150400161743 1400
1745745691914 0.32119515538215637 1420
1745745699113 0.29824402928352356 1440
1745745707006 0.3456723690032959 1460
1745745715130 0.2399069368839264 1480
1745745722644 0.33667656779289246 1500
1745745730019 0.3701516091823578 1520
1745745737788 0.3892703056335449 1540
1745745746197 0.28199711441993713 1560
1745745753617 0.322049081325531 1580
1745745760807 0.3137030601501465 1600
1745745769256 0.33885419368743896 1620
1745745776880 0.41361328959465027 1640
1745745785509 0.3453877568244934 1660
1745745792418 0.36803483963012695 1680
1745745800923 0.35170286893844604 1700
1745745808574 0.3806953728199005 1720
1745745817109 0.38951560854911804 1740
1745745825102 0.31850793957710266 1760
1745745832871 0.3129032254219055 1780
1745745841421 0.3234419524669647 1800
1745745848838 0.3087105453014374 1820
1745745855717 0.30725425481796265 1840
1745745864155 0.33976083993911743 1860
1745745872542 0.26141706109046936 1880
1745745879389 0.254954069852829 1900
1745745888335 0.3284626305103302 1920
1745745896197 0.3250928819179535 1940
1745745904162 0.3553260862827301 1960
1745745912505 0.32137104868888855 1980
1745745919845 0.31523168087005615 2000
1745745928444 0.32765433192253113 2020
1745745936972 0.29099684953689575 2040
1745745944620 0.3195245862007141 2060
1745745952527 0.31675004959106445 2080
1745745960779 0.3125 2100
1745745968096 0.34678763151168823 2120
1745745975985 0.3087616264820099 2140
1745745984452 0.32984861731529236 2160
1745745992110 0.3212408423423767 2180
1745746000411 0.265593022108078 2200
1745746008586 0.31156477332115173 2220
1745746016839 0.34031781554222107 2240
1745746025086 0.3207329213619232 2260
1745746033679 0.27083584666252136 2280
1745746041707 0.3177844285964966 2300
1745746048414 0.2791595757007599 2320
1745746056301 0.3560439646244049 2340
1745746065166 0.3419293165206909 2360
1745746072422 0.33485880494117737 2380
1745746081003 0.30715084075927734 2400
1745746089510 0.3284285068511963 2420
1745746097347 0.36814066767692566 2440
1745746106420 0.27617213129997253 2460
1745746113991 0.263796329498291 2480
1745746121750 0.3201380670070648 2500
1745746131053 0.24315696954727173 2520
1745746139599 0.27870550751686096 2540
1745746147928 0.2649261951446533 2560
1745746155542 0.3547346293926239 2580
1745746163789 0.31283509731292725 2600
1745746171801 0.2564440369606018 2620
1745746180515 0.331196665763855 2640
1745746188650 0.27758532762527466 2660
1745746197241 0.29984810948371887 2680
1745746206356 0.2873264253139496 2700
1745746213597 0.3151377737522125 2720
1745746221507 0.23880596458911896 2740
1745746229819 0.3019537627696991 2760
1745746238057 0.36309614777565 2780
1745746246212 0.32765644788742065 2800
1745746255381 0.2538391649723053 2820
1745746262193 0.35787439346313477 2840
1745746271271 0.2342080920934677 2860
1745746278827 0.24378059804439545 2880
1745746286903 0.29021334648132324 2900
1745746295032 0.2825809419155121 2920
1745746304664 0.36268460750579834 2940
1745746311283 0.3336188495159149 2960
1745746320563 0.26145416498184204 2980
1745746327811 0.3304557502269745 3000
1745746336460 0.3485826849937439 3020
1745746344629 0.33381587266921997 3040
1745746352746 0.27227145433425903 3060
1745746361109 0.35879799723625183 3080
1745746369361 0.2911105453968048 3100
1745746377765 0.2841472625732422 3120
1745746385169 0.2905923128128052 3140
1745746394136 0.2966870367527008 3160
1745746402267 0.3126274645328522 3180
1745746412023 0.3511236011981964 3200
1745746421032 0.28881072998046875 3220
1745746428762 0.30244413018226624 3240
1745746437949 0.2832648456096649 3260
1745746445749 0.2730318307876587 3280
1745746454817 0.3027799129486084 3300
1745746462018 0.26737359166145325 3320
1745746471424 0.28643426299095154 3340
1745746478884 0.2929106652736664 3360
1745746487109 0.31884828209877014 3380
1745746494735 0.31264689564704895 3400
1745746503960 0.2587817907333374 3420
1745746511702 0.28280624747276306 3440
1745746521155 0.304342120885849 3460
1745746528822 0.2908704876899719 3480
1745746535774 0.3357086777687073 3500
1745746544487 0.35423633456230164 3520
1745746553208 0.25316402316093445 3540
1745746562134 0.3212474286556244 3560
1745746569748 0.2214861363172531 3580
1745746577545 0.2530544698238373 3600
1745746585911 0.28479987382888794 3620
1745746594521 0.298833429813385 3640
1745746601859 0.28451216220855713 3660
1745746611266 0.25797611474990845 3680
1745746619915 0.24996314942836761 3700
1745746627606 0.26408472657203674 3720
1745746636241 0.23246562480926514 3740
1745746644359 0.3039570748806 3760
1745746652670 0.24802228808403015 3780
1745746660903 0.22775347530841827 3800
1745746669819 0.2738592326641083 3820
1745746677853 0.25002923607826233 3840
1745746686215 0.26641222834587097 3860
1745746693262 0.25640201568603516 3880
1745746702514 0.3212358057498932 3900
1745746710164 0.29624587297439575 3920
1745746719065 0.28560298681259155 3940
1745746728011 0.3014835715293884 3960
1745746735290 0.24968738853931427 3980
1745746743311 0.2445695847272873 4000
1745746752499 0.19148172438144684 4020
1745746760305 0.287431538105011 4040
1745746767595 0.3404179513454437 4060
1745746776723 0.31048130989074707 4080
1745746785707 0.2420172095298767 4100
1745746792691 0.22521643340587616 4120
1745746801144 0.20350444316864014 4140
1745746809935 0.25401490926742554 4160
1745746817345 0.2822166681289673 4180
1745746827288 0.2801951467990875 4200
1745746835414 0.3761129677295685 4220
1745746844090 0.255731999874115 4240
1745746851527 0.20425628125667572 4260
1745746860380 0.33023491501808167 4280
1745746869036 0.26368868350982666 4300
1745746876557 0.24817873537540436 4320
1745746885765 0.2640422284603119 4340
1745746894154 0.38700345158576965 4360
1745746901720 0.28321096301078796 4380
1745746910539 0.25440719723701477 4400
1745746918382 0.2640569508075714 4420
1745746927234 0.27205216884613037 4440
1745746934894 0.3800099492073059 4460
1745746942905 0.2477453052997589 4480
1745746951326 0.28960829973220825 4500
1745746957984 0.2515064775943756 4520
1745746966517 0.3230149447917938 4540
1745746976259 0.26602745056152344 4560
1745746984829 0.2902083098888397 4580
1745746993664 0.3566896915435791 4600
1745747000675 0.26640164852142334 4620
1745747009090 0.316882461309433 4640
1745747017454 0.27233773469924927 4660
1745747025871 0.22987283766269684 4680
1745747033492 0.27188989520072937 4700
1745747041937 0.2695600390434265 4720
1745747051262 0.2592422664165497 4740
1745747058051 0.23211374878883362 4760
1745747066310 0.32493987679481506 4780
1745747074693 0.2693336308002472 4800
1745747082895 0.28146815299987793 4820
1745747091066 0.2892746329307556 4840
1745747100356 0.30240312218666077 4860
1745747108312 0.2246452420949936 4880
1745747116515 0.23872143030166626 4900
1745747124420 0.4054281413555145 4920
1745747133258 0.2939722239971161 4940
1745747141775 0.29217275977134705 4960
1745747149692 0.2899799644947052 4980
1745747157868 0.19494009017944336 5000
1745747166010 0.23839037120342255 5020
1745747174255 0.286344051361084 5040
1745747182677 0.32733073830604553 5060
1745747191425 0.19871409237384796 5080
1745747198522 0.26073992252349854 5100
1745747207915 0.2812091112136841 5120
1745747215439 0.24141192436218262 5140
1745747223754 0.2731906771659851 5160
1745747232745 0.2801380753517151 5180
1745747240715 0.2918931245803833 5200
1745747249501 0.26189014315605164 5220
1745747257313 0.22600461542606354 5240
1745747266145 0.24609024822711945 5260
1745747273512 0.2733443081378937 5280
1745747280555 0.26238828897476196 5300
1745747289552 0.2427670657634735 5320
1745747298073 0.23435789346694946 5340
1745747306883 0.3687534034252167 5360
1745747315077 0.22859685122966766 5380
1745747323608 0.3269391357898712 5400
1745747331556 0.294483482837677 5420
1745747340045 0.24077920615673065 5440
1745747348490 0.29805877804756165 5460
1745747357807 0.30200985074043274 5480
1745747367015 0.2627963125705719 5500
1745747373868 0.28550055623054504 5520
1745747382993 0.3092430830001831 5540
1745747391700 0.25633010268211365 5560
1745747400063 0.252431720495224 5580
1745747408783 0.2906595468521118 5600
1745747417687 0.261481374502182 5620
1745747425393 0.2798645794391632 5640
1745747434279 0.20784303545951843 5660
1745747441852 0.23798033595085144 5680
1745747451057 0.3019334375858307 5700
1745747459042 0.31564658880233765 5720
1745747468001 0.3098818361759186 5740
1745747476389 0.2589259743690491 5760
1745747483960 0.2409120798110962 5780
1745747493261 0.3313710391521454 5800
1745747501616 0.2797369956970215 5820
1745747510212 0.281465619802475 5840
1745747517745 0.2789659798145294 5860
1745747526384 0.29745444655418396 5880
1745747534192 0.3114186227321625 5900
1745747543084 0.2870379686355591 5920
1745747551872 0.32627472281455994 5940
1745747559078 0.2967964708805084 5960
1745747567623 0.268200546503067 5980
1745747576203 0.3430495858192444 6000
1745747584470 0.2929178774356842 6020
1745747592860 0.2241176962852478 6040
1745747600543 0.2975277304649353 6060
1745747609869 0.25969451665878296 6080
1745747618535 0.2516773045063019 6100
1745747625926 0.3467790186405182 6120
1745747634756 0.3190109133720398 6140
1745747642924 0.30433231592178345 6160
1745747650719 0.21938037872314453 6180
1745747659417 0.21636374294757843 6200
1745747667876 0.26897069811820984 6220
1745747675199 0.23533746600151062 6240
1745747685451 0.3443710207939148 6260
1745747692607 0.25429755449295044 6280
1745747700324 0.23419252038002014 6300
1745747708992 0.2675744891166687 6320
1745747717246 0.2607100307941437 6340
1745747725266 0.316375195980072 6360
1745747734397 0.24104557931423187 6380
1745747743085 0.3105897903442383 6400
1745747750790 0.3429220914840698 6420
1745747759048 0.2938700020313263 6440
1745747767772 0.2590983808040619 6460
1745747776033 0.2854273021221161 6480
1745747783915 0.279899001121521 6500
1745747792669 0.2923697233200073 6520
1745747800815 0.2930420935153961 6540
1745747809842 0.33981290459632874 6560
1745747819920 0.28781363368034363 6580
1745747828685 0.300630122423172 6600
1745747836531 0.27445223927497864 6620
1745747845031 0.3204556405544281 6640
1745747853248 0.239243745803833 6660
1745747861940 0.41203850507736206 6680
1745747868759 0.2872549593448639 6700
1745747878714 0.2788957953453064 6720
1745747886568 0.26405301690101624 6740
1745747894651 0.2814216911792755 6760
1745747903227 0.2995697259902954 6780
1745747910818 0.29019561409950256 6800
1745747920921 0.2778959274291992 6820
1745747928698 0.2859227657318115 6840
1745747936709 0.30705347657203674 6860
1745747945998 0.2880755662918091 6880
1745747954965 0.2756679356098175 6900
1745747963536 0.2728850543498993 6920
1745747971931 0.25572001934051514 6940
1745747981043 0.3284473121166229 6960
1745747988763 0.22436948120594025 6980
1745747997429 0.25921323895454407 7000
1745748006509 0.3187636733055115 7020
1745748015271 0.34188398718833923 7040
1745748023084 0.3700844645500183 7060
1745748031339 0.25688037276268005 7080
1745748039873 0.26812028884887695 7100
1745748047474 0.2978518307209015 7120
1745748056302 0.25389978289604187 7140
1745748064254 0.25171515345573425 7160
1745748073085 0.21022923290729523 7180
1745748081008 0.24880023300647736 7200
1745748088812 0.27509379386901855 7220
1745748097453 0.34661754965782166 7240
1745748104903 0.2645900845527649 7260
1745748113915 0.23180648684501648 7280
1745748123385 0.28659337759017944 7300
1745748130335 0.3314516544342041 7320
1745748138324 0.30182886123657227 7340
1745748146919 0.3026304543018341 7360
1745748155814 0.29084986448287964 7380
1745748164305 0.24604880809783936 7400
1745748173283 0.3057019114494324 7420
1745748181587 0.338565468788147 7440
1745748189544 0.33654138445854187 7460
1745748198066 0.23237593472003937 7480
1745748205417 0.3110681176185608 7500
1745748213356 0.2907034456729889 7520
1745748223119 0.27765777707099915 7540
1745748231946 0.24937425553798676 7560
1745748240343 0.3155422508716583 7580
1745748248198 0.25651758909225464 7600
1745748256964 0.27138781547546387 7620
1745748264175 0.2922149896621704 7640
1745748272998 0.25643324851989746 7660
1745748281321 0.2754722237586975 7680
1745748289755 0.2575147747993469 7700
1745748298647 0.30038097500801086 7720
1745748305949 0.3195936381816864 7740
1745748314240 0.2760981321334839 7760
1745748323514 0.3830679655075073 7780
1745748333131 0.2824806272983551 7800
1745748341285 0.2666732966899872 7820
1745748348690 0.2311086356639862 7840
1745748358459 0.26146650314331055 7860
1745748365601 0.2203550785779953 7880
1745748374997 0.24884767830371857 7900
1745748382479 0.3130425214767456 7920
1745748391703 0.2900051772594452 7940
1745748399100 0.3282550573348999 7960
1745748406940 0.28318506479263306 7980
1745748416594 0.2934075891971588 8000
1745748423935 0.2314610332250595 8020
1745748432807 0.36520159244537354 8040
1745748441241 0.30493831634521484 8060
1745748449392 0.27428558468818665 8080
1745748456800 0.3328302800655365 8100
1745748465591 0.3179152309894562 8120
1745748474107 0.3051320016384125 8140
1745748482983 0.276285320520401 8160
1745748490138 0.28117114305496216 8180
1745748498644 0.31125006079673767 8200
1745748507677 0.26284584403038025 8220
1745748516360 0.32697051763534546 8240
1745748524278 0.24909459054470062 8260
1745748532406 0.24094833433628082 8280
1745748540753 0.2718150019645691 8300
1745748550079 0.33401480317115784 8320
1745748557266 0.26946988701820374 8340
1745748566127 0.3163635730743408 8360
1745748574311 0.30870309472084045 8380
1745748583081 0.32304784655570984 8400
1745748591854 0.3480285406112671 8420
1745748599758 0.2665037512779236 8440
1745748607737 0.278139591217041 8460
1745748615623 0.2869926989078522 8480
1745748624328 0.26504042744636536 8500
1745748632505 0.3156294524669647 8520
1745748641893 0.29471781849861145 8540
1745748649961 0.2483796924352646 8560
1745748658002 0.31165099143981934 8580
1745748666421 0.30159732699394226 8600
1745748674763 0.3241109549999237 8620
1745748682541 0.2817502021789551 8640
1745748691686 0.29241663217544556 8660
1745748699724 0.3058088421821594 8680
1745748706986 0.29727399349212646 8700
1745748716587 0.23097826540470123 8720
1745748725165 0.3371974527835846 8740
1745748732556 0.3337050974369049 8760
1745748741482 0.2983522415161133 8780
1745748750564 0.34351488947868347 8800
1745748757855 0.3450735807418823 8820
1745748766478 0.28488680720329285 8840
1745748774803 0.2672339379787445 8860
1745748783853 0.2987789213657379 8880
1745748792510 0.2836191654205322 8900
1745748801305 0.32501220703125 8920
1745748809586 0.30889734625816345 8940
1745748817704 0.25980016589164734 8960
1745748826413 0.3374345600605011 8980
1745748834147 0.2501290440559387 9000
1745748843119 0.2949983477592468 9020
1745748850480 0.258403480052948 9040
1745748859193 0.27419325709342957 9060
1745748869379 0.2586868107318878 9080
1745748877039 0.3282056748867035 9100
1745748884759 0.28493836522102356 9120
1745748892881 0.2743438184261322 9140
1745748902687 0.28107231855392456 9160
1745748910578 0.3009958267211914 9180
1745748918928 0.2251824289560318 9200
1745748926453 0.2805495262145996 9220
1745748934670 0.2729159891605377 9240
1745748942895 0.28470325469970703 9260
1745748951701 0.278913676738739 9280
1745748958382 0.2836567163467407 9300
1745748968060 0.30963096022605896 9320
1745748976810 0.3288365304470062 9340
1745748983903 0.30147093534469604 9360
1745748993078 0.3087815046310425 9380
1745749000253 0.28716498613357544 9400
1745749009163 0.30114197731018066 9420
1745749018029 0.2853274941444397 9440
1745749026501 0.2645290195941925 9460
1745749035323 0.2761828601360321 9480
1745749042385 0.25209134817123413 9500
1745749050424 0.2916114330291748 9520
1745749059779 0.3396569490432739 9540
1745749067540 0.301815927028656 9560
1745749075651 0.3091527819633484 9580
1745749084529 0.29525792598724365 9600
1745749093142 0.4318237006664276 9620
1745749099694 0.2996745705604553 9640
1745749108938 0.3614484369754791 9660
1745749116263 0.33379605412483215 9680
1745749125733 0.27520498633384705 9700
1745749134149 0.30123278498649597 9720
1745749141870 0.28155195713043213 9740
1745749150145 0.29938623309135437 9760
1745749158508 0.26668307185173035 9780
1745749165794 0.2570466697216034 9800
1745749174831 0.4423576891422272 9820
1745749183663 0.2911643087863922 9840
1745749192787 0.3181702792644501 9860
1745749201235 0.3168003559112549 9880
1745749208443 0.23791195452213287 9900
1745749217541 0.35585910081863403 9920
1745749226518 0.3606363832950592 9940
1745749234882 0.3312802314758301 9960
1745749243469 0.38512784242630005 9980
1745749250727 0.3722936511039734 10000
1745749263507 0.2616367042064667 10020
1745749271927 0.31468436121940613 10040
1745749279700 0.36252525448799133 10060
1745749288725 0.3346031606197357 10080
1745749296196 0.26513707637786865 10100
1745749305363 0.3148287236690521 10120
1745749314161 0.2998642921447754 10140
1745749322070 0.26595187187194824 10160
1745749329166 0.2854894995689392 10180
1745749338617 0.2871271073818207 10200
1745749347420 0.27799177169799805 10220
1745749355272 0.28788885474205017 10240
1745749363896 0.26128673553466797 10260
1745749372759 0.29814738035202026 10280
1745749381301 0.3247825801372528 10300
1745749388832 0.2912101745605469 10320
1745749398186 0.3001781702041626 10340
1745749406192 0.30785343050956726 10360
1745749415592 0.31005537509918213 10380
1745749423916 0.3135077953338623 10400
1745749432782 0.39374902844429016 10420
1745749440944 0.2812243700027466 10440
1745749450085 0.2841273844242096 10460
1745749460175 0.25917086005210876 10480
1745749467810 0.29009324312210083 10500
1745749477340 0.3050057291984558 10520
1745749485432 0.2721255123615265 10540
1745749493506 0.3401479423046112 10560
1745749501376 0.25901684165000916 10580
1745749510355 0.37919843196868896 10600
1745749518995 0.2614067792892456 10620
1745749525838 0.300632119178772 10640
1745749534709 0.31940916180610657 10660
1745749543351 0.2901817262172699 10680
1745749551140 0.2945346236228943 10700
1745749559641 0.34180906414985657 10720
1745749569068 0.29334506392478943 10740
1745749577699 0.2576580047607422 10760
1745749586040 0.34548434615135193 10780
1745749593858 0.2530241012573242 10800
1745749601735 0.3436005711555481 10820
1745749610487 0.23973992466926575 10840
1745749619511 0.3046689033508301 10860
1745749627509 0.32892248034477234 10880
1745749636801 0.27045270800590515 10900
1745749644825 0.28105953335762024 10920
1745749653266 0.26505109667778015 10940
1745749660431 0.317466676235199 10960
1745749669455 0.2955438196659088 10980
1745749679135 0.26572278141975403 11000
1745749686777 0.35473570227622986 11020
1745749694100 0.24053457379341125 11040
1745749702599 0.2566077709197998 11060
1745749712138 0.26011866331100464 11080
1745749719833 0.26366332173347473 11100
1745749729206 0.2400122731924057 11120
1745749737623 0.295994371175766 11140
1745749745040 0.326295405626297 11160
1745749753499 0.2927304804325104 11180
1745749762785 0.2660556435585022 11200
1745749770893 0.36214327812194824 11220
1745749779422 0.2740263044834137 11240
1745749788111 0.2911195456981659 11260
1745749796375 0.2969711720943451 11280
1745749805775 0.2556941509246826 11300
1745749812836 0.25417274236679077 11320
1745749823095 0.2768641412258148 11340
1745749831348 0.2278013974428177 11360
1745749840479 0.3187709152698517 11380
1745749848203 0.31893450021743774 11400
1745749856179 0.32326555252075195 11420
1745749865248 0.3429349660873413 11440
1745749873530 0.2759048044681549 11460
1745749882422 0.2793154716491699 11480
1745749891550 0.3142344355583191 11500
1745749899891 0.28609782457351685 11520
1745749908205 0.26934829354286194 11540
1745749916472 0.3417374789714813 11560
1745749925800 0.28409695625305176 11580
1745749934409 0.2670321464538574 11600
1745749941764 0.2853257358074188 11620
1745749951287 0.3491179645061493 11640
1745749960079 0.3944393992424011 11660
1745749968128 0.276843786239624 11680
1745749977102 0.25426414608955383 11700
1745749985081 0.3659048080444336 11720
1745749993897 0.2963472306728363 11740
1745750002116 0.2724880576133728 11760
1745750010183 0.33473798632621765 11780
1745750018416 0.3097771406173706 11800
1745750027155 0.34968748688697815 11820
1745750035086 0.31074920296669006 11840
1745750043529 0.3031342923641205 11860
1745750051492 0.2901705801486969 11880
1745750061357 0.2731648087501526 11900
1745750068876 0.30468666553497314 11920
1745750077011 0.20903323590755463 11940
1745750085128 0.3050364851951599 11960
1745750093746 0.24253517389297485 11980
1745750101495 0.281253844499588 12000
1745750110941 0.2624706029891968 12020
1745750119739 0.22033172845840454 12040
1745750127899 0.2664619982242584 12060
1745750136486 0.25636565685272217 12080
1745750144184 0.31001484394073486 12100
1745750153841 0.2501806616783142 12120
1745750161696 0.3088771402835846 12140
1745750169737 0.29537805914878845 12160
1745750179037 0.30075713992118835 12180
1745750186760 0.33759644627571106 12200
1745750194903 0.32121390104293823 12220
1745750204624 0.30504950881004333 12240
1745750212710 0.32438087463378906 12260
1745750220753 0.31655222177505493 12280
1745750230129 0.29277968406677246 12300
1745750237243 0.3193291425704956 12320
1745750246086 0.3034648299217224 12340
1745750254557 0.31180596351623535 12360
1745750263176 0.25645923614501953 12380
1745750271929 0.3068307340145111 12400
1745750280939 0.3513663709163666 12420
1745750288467 0.30727121233940125 12440
1745750296984 0.275589257478714 12460
1745750305581 0.2633466124534607 12480
1745750312834 0.37974613904953003 12500
1745750321066 0.28580042719841003 12520
1745750330757 0.30364522337913513 12540
1745750339109 0.2874082326889038 12560
1745750347212 0.38002118468284607 12580
1745750355967 0.3062177002429962 12600
1745750364410 0.30923348665237427 12620
1745750372992 0.33814993500709534 12640
1745750380807 0.32722896337509155 12660
1745750389092 0.2343353033065796 12680
1745750395585 0.266603946685791 12700
1745750405014 0.27644872665405273 12720
1745750414343 0.2757437229156494 12740
1745750421722 0.3115464746952057 12760
1745750430367 0.3379373252391815 12780
1745750439713 0.34783491492271423 12800
1745750447442 0.3081706762313843 12820
1745750455774 0.36223074793815613 12840
1745750463257 0.29243937134742737 12860
1745750472187 0.34122371673583984 12880
1745750480696 0.35104772448539734 12900
1745750488807 0.2826197147369385 12920
1745750496600 0.28692033886909485 12940
1745750505583 0.3436497449874878 12960
1745750514425 0.29685965180397034 12980
1745750522605 0.28392383456230164 13000
1745750530544 0.28419047594070435 13020
1745750540192 0.2752114236354828 13040
1745750549421 0.28418952226638794 13060
1745750557480 0.2553970515727997 13080
1745750565785 0.3006908893585205 13100
1745750573517 0.34571728110313416 13120
1745750581298 0.2878265976905823 13140
1745750590465 0.31141239404678345 13160
1745750601075 0.2846311926841736 13180
1745750608418 0.2867244780063629 13200
1745750617461 0.27647316455841064 13220
1745750624853 0.24306227266788483 13240
1745750633879 0.3668621778488159 13260
1745750641155 0.31894153356552124 13280
1745750650040 0.3674997091293335 13300
1745750658602 0.35122665762901306 13320
1745750666889 0.3662041127681732 13340
1745750675440 0.3128701150417328 13360
1745750684475 0.2640405297279358 13380
1745750692951 0.31717973947525024 13400
1745750701763 0.30869531631469727 13420
1745750709770 0.33752572536468506 13440
1745750717826 0.34745270013809204 13460
1745750727089 0.3267797827720642 13480
1745750735250 0.262930303812027 13500
1745750743604 0.3178528845310211 13520
1745750752375 0.3314638137817383 13540
1745750761160 0.36902952194213867 13560
1745750768406 0.23994769155979156 13580
1745750776523 0.27980244159698486 13600
1745750785721 0.3317709267139435 13620
1745750794304 0.343626469373703 13640
1745750801686 0.2742130756378174 13660
1745750811053 0.32795408368110657 13680
1745750820571 0.3330569565296173 13700
1745750827862 0.3196004033088684 13720
1745750836924 0.4121212065219879 13740
1745750845488 0.25664952397346497 13760
1745750853891 0.35371726751327515 13780
1745750863308 0.30240345001220703 13800
1745750872191 0.3361891508102417 13820
1745750880444 0.36959341168403625 13840
1745750887410 0.3130966126918793 13860
1745750895814 0.3121004104614258 13880
1745750905315 0.30987459421157837 13900
1745750914136 0.3436836898326874 13920
1745750921142 0.4483462870121002 13940
1745750930775 0.34456077218055725 13960
1745750938758 0.3332566022872925 13980
1745750947822 0.2825503945350647 14000
1745750956095 0.2866625487804413 14020
1745750965990 0.26286935806274414 14040
1745750973943 0.2859375774860382 14060
1745750982922 0.2998747229576111 14080
1745750991297 0.2802538573741913 14100
1745750999553 0.3555666506290436 14120
1745751007771 0.25248345732688904 14140
1745751017257 0.26887768507003784 14160
1745751025357 0.31430482864379883 14180
1745751034846 0.2590319812297821 14200
1745751042375 0.320624977350235 14220
1745751050844 0.33320268988609314 14240
1745751059355 0.3153342604637146 14260
1745751067742 0.30620235204696655 14280
1745751076736 0.3043334484100342 14300
1745751085342 0.2714020907878876 14320
1745751093525 0.2520240843296051 14340
1745751101619 0.32212191820144653 14360
1745751109871 0.30025434494018555 14380
1745751117343 0.33010634779930115 14400
1745751126391 0.2723192274570465 14420
1745751134952 0.2817331850528717 14440
1745751141922 0.256164014339447 14460
1745751150824 0.3060641884803772 14480
1745751159059 0.3357791304588318 14500
1745751167720 0.2988566756248474 14520
1745751176824 0.31061476469039917 14540
1745751184314 0.32279953360557556 14560
1745751193905 0.2458757609128952 14580
1745751201598 0.32557547092437744 14600
1745751209819 0.334709495306015 14620
1745751218269 0.2945052683353424 14640
1745751227800 0.297345370054245 14660
1745751236613 0.3470723628997803 14680
1745751245618 0.24642907083034515 14700
1745751252987 0.311749666929245 14720
1745751261066 0.3131101131439209 14740
1745751270988 0.36878037452697754 14760
1745751278599 0.30986157059669495 14780
1745751287608 0.28687742352485657 14800
1745751296623 0.27597329020500183 14820
1745751304350 0.3085554242134094 14840
1745751312702 0.3685265779495239 14860
1745751320728 0.3155195415019989 14880
1745751329962 0.26888391375541687 14900
1745751338340 0.29448771476745605 14920
1745751345419 0.26272937655448914 14940
1745751355418 0.2813202142715454 14960
1745751364529 0.3196357488632202 14980
1745751371836 0.38520675897598267 15000
1745751380274 0.2643900513648987 15020
1745751389060 0.3533801734447479 15040
1745751396548 0.31151530146598816 15060
1745751405905 0.28327447175979614 15080
1745751414797 0.329064279794693 15100
1745751423333 0.3301120400428772 15120
1745751430785 0.4065912067890167 15140
1745751440436 0.3446618616580963 15160
1745751447455 0.29680997133255005 15180
1745751456658 0.30534014105796814 15200
1745751466259 0.27533406019210815 15220
1745751473951 0.32178395986557007 15240
1745751482962 0.3094384968280792 15260
1745751491740 0.4120396673679352 15280
1745751499991 0.3193555176258087 15300
1745751507273 0.3280799686908722 15320
1745751515747 0.33261656761169434 15340
1745751524980 0.36642420291900635 15360
1745751533263 0.3249817490577698 15380
1745751540835 0.3182835876941681 15400
1745751550026 0.3566058278083801 15420
1745751558133 0.33290234208106995 15440
1745751566507 0.3718155026435852 15460
1745751575809 0.28010475635528564 15480
1745751582830 0.2974037230014801 15500
1745751591920 0.35142064094543457 15520
1745751600043 0.2943963408470154 15540
1745751608756 0.344261109828949 15560
1745751618156 0.34608033299446106 15580
1745751626118 0.31289446353912354 15600
1745751636019 0.25319331884384155 15620
1745751644538 0.32986781001091003 15640
1745751653934 0.288333535194397 15660
1745751662602 0.33439362049102783 15680
1745751671250 0.3669588267803192 15700
1745751679244 0.27820685505867004 15720
1745751688142 0.24329741299152374 15740
1745751695447 0.29809150099754333 15760
1745751704858 0.4230290353298187 15780
1745751712327 0.3916690945625305 15800
1745751721010 0.24378252029418945 15820
1745751729788 0.3441412150859833 15840
1745751737911 0.37483108043670654 15860
1745751746375 0.3208119571208954 15880
1745751755190 0.4421985447406769 15900
1745751763444 0.2701256573200226 15920
1745751771739 0.3070431053638458 15940
1745751780337 0.26831287145614624 15960
1745751788620 0.4405377507209778 15980
1745751797882 0.2731686532497406 16000
1745751805769 0.2826073467731476 16020
1745751814009 0.3188922703266144 16040
1745751822497 0.2910381853580475 16060
1745751830794 0.2938504219055176 16080
1745751839301 0.31980064511299133 16100
1745751848516 0.2940813899040222 16120
1745751855614 0.3065929710865021 16140
1745751864177 0.31035956740379333 16160
1745751872370 0.34810858964920044 16180
1745751880970 0.30856531858444214 16200
1745751890242 0.26849597692489624 16220
1745751898695 0.3229064345359802 16240
1745751907601 0.27565112709999084 16260
1745751916244 0.2827138602733612 16280
1745751924393 0.33928221464157104 16300
1745751933832 0.33562996983528137 16320
1745751941955 0.2597198486328125 16340
1745751950348 0.27699053287506104 16360
1745751959668 0.35655009746551514 16380
1745751967869 0.27702876925468445 16400
1745751975951 0.3246462941169739 16420
1745751984455 0.2471463531255722 16440
1745751993089 0.3129417598247528 16460
1745752003162 0.3078741729259491 16480
1745752010260 0.30376747250556946 16500
1745752020458 0.34085172414779663 16520
1745752028219 0.354267418384552 16540
1745752036168 0.2723057270050049 16560
1745752044414 0.3342963457107544 16580
1745752053051 0.32524508237838745 16600
1745752062419 0.3260178864002228 16620
1745752071251 0.35156041383743286 16640
1745752079239 0.3739403188228607 16660
1745752087574 0.3551715016365051 16680
1745752095807 0.30828791856765747 16700
1745752104217 0.2664106786251068 16720
1745752113215 0.26238805055618286 16740
1745752120810 0.3045790195465088 16760
1745752129997 0.37286320328712463 16780
1745752137790 0.34953978657722473 16800
1745752146635 0.3343247175216675 16820
1745752155454 0.28125298023223877 16840
1745752164124 0.306888610124588 16860
1745752171760 0.34769025444984436 16880
1745752181373 0.3306905925273895 16900
1745752189657 0.29540368914604187 16920
1745752197766 0.26934441924095154 16940
1745752205606 0.3164192736148834 16960
1745752214952 0.3107626140117645 16980
1745752222692 0.3757062256336212 17000
1745752232127 0.29270777106285095 17020
1745752239587 0.265768438577652 17040
1745752248593 0.32815200090408325 17060
1745752258021 0.25745612382888794 17080
1745752265811 0.27513548731803894 17100
1745752273896 0.3580085337162018 17120
1745752283310 0.29759058356285095 17140
1745752290811 0.24720941483974457 17160
1745752300425 0.3965930640697479 17180
1745752308539 0.29658979177474976 17200
1745752317374 0.32414913177490234 17220
1745752324000 0.3368343412876129 17240
1745752333776 0.4135531783103943 17260
1745752342764 0.29202181100845337 17280
1745752350222 0.2806236743927002 17300
1745752357933 0.27078959345817566 17320
1745752366436 0.3295504152774811 17340
1745752375568 0.3233034014701843 17360
1745752383710 0.26264864206314087 17380
1745752392081 0.3022167384624481 17400
1745752400341 0.28996118903160095 17420
1745752407742 0.33122512698173523 17440
1745752416612 0.32328125834465027 17460
1745752425536 0.2949790358543396 17480
1745752433356 0.2509111166000366 17500
1745752442302 0.3628913164138794 17520
1745752451420 0.37321481108665466 17540
1745752459099 0.2817395329475403 17560
1745752467007 0.2946062684059143 17580
1745752475638 0.32144802808761597 17600
1745752485192 0.3436141312122345 17620
1745752493176 0.3445877432823181 17640
1745752502374 0.2986319065093994 17660
1745752511620 0.34643882513046265 17680
1745752519793 0.40860068798065186 17700
1745752527102 0.2972639501094818 17720
1745752536046 0.36670979857444763 17740
1745752545005 0.3227262496948242 17760
1745752552517 0.34337976574897766 17780
1745752561697 0.32499876618385315 17800
1745752570306 0.3462645709514618 17820
1745752578545 0.2846963703632355 17840
1745752586894 0.26383647322654724 17860
1745752595052 0.30369988083839417 17880
1745752604638 0.31724944710731506 17900
1745752613211 0.4018135666847229 17920
1745752620986 0.30941104888916016 17940
1745752630062 0.34198278188705444 17960
1745752637810 0.40434426069259644 17980
1745752646959 0.28708502650260925 18000
1745752654538 0.2822502553462982 18020
1745752663158 0.285106897354126 18040
1745752672579 0.33237168192863464 18060
1745752680559 0.3060440719127655 18080
1745752687927 0.3684191107749939 18100
1745752696229 0.28935712575912476 18120
1745752705717 0.2849149703979492 18140
1745752713553 0.32424312829971313 18160
1745752721476 0.33242666721343994 18180
1745752730410 0.34654080867767334 18200
1745752738393 0.33551621437072754 18220
1745752745697 0.26541703939437866 18240
1745752756208 0.38891884684562683 18260
1745752764903 0.3168186545372009 18280
1745752772755 0.28057587146759033 18300
1745752781160 0.2579140067100525 18320
1745752789952 0.3488291800022125 18340
1745752798351 0.41282692551612854 18360
1745752805522 0.3370387852191925 18380
1745752814331 0.3346071243286133 18400
1745752823711 0.34232258796691895 18420
1745752832395 0.29519593715667725 18440
1745752840290 0.37683895230293274 18460
1745752849085 0.2936495542526245 18480
1745752858330 0.27032470703125 18500
1745752865658 0.3331669270992279 18520
1745752874767 0.34488871693611145 18540
1745752884048 0.3245859146118164 18560
1745752892384 0.305593341588974 18580
1745752900059 0.293198823928833 18600
1745752907754 0.3478323519229889 18620
1745752917170 0.3819649815559387 18640
1745752925180 0.335555762052536 18660
1745752934205 0.2780105769634247 18680
1745752942854 0.33490511775016785 18700
1745752951004 0.2615926265716553 18720
1745752959268 0.34224751591682434 18740
1745752967667 0.286146342754364 18760
1745752975059 0.3037610352039337 18780
1745752984061 0.36937445402145386 18800
1745752993162 0.31303149461746216 18820
1745753000721 0.346800833940506 18840
1745753009704 0.3587733209133148 18860
1745753016839 0.3059503436088562 18880
1745753027019 0.33085697889328003 18900
1745753035075 0.3330210745334625 18920
1745753043815 0.313183456659317 18940
1745753052323 0.348985880613327 18960
1745753059153 0.2893332839012146 18980
1745753067567 0.37394052743911743 19000
1745753076667 0.30363690853118896 19020
1745753085567 0.32773810625076294 19040
1745753093765 0.3704994320869446 19060
1745753102586 0.24970676004886627 19080
1745753111679 0.3631407916545868 19100
1745753120135 0.3480038344860077 19120
1745753129002 0.2435114085674286 19140
1745753137892 0.27416133880615234 19160
1745753146565 0.2841029465198517 19180
1745753153553 0.3891030550003052 19200
1745753162992 0.27194327116012573 19220
1745753171034 0.3098464608192444 19240
1745753180097 0.3391764760017395 19260
1745753189246 0.26656875014305115 19280
1745753196564 0.27469512820243835 19300
1745753206282 0.29255256056785583 19320
1745753215375 0.3394378125667572 19340
1745753223460 0.30886703729629517 19360
1745753230611 0.2985023856163025 19380
1745753240676 0.2775959074497223 19400
1745753249301 0.29424726963043213 19420
1745753256739 0.2897713780403137 19440
1745753266218 0.3767375648021698 19460
1745753274942 0.29357588291168213 19480
1745753281989 0.30170339345932007 19500
1745753290547 0.30385300517082214 19520
1745753299264 0.29323267936706543 19540
1745753307974 0.30478525161743164 19560
1745753318358 0.3755200505256653 19580
1745753326562 0.2829580307006836 19600
1745753334876 0.3198656737804413 19620
1745753343469 0.3643498420715332 19640
1745753351018 0.28981947898864746 19660
1745753359686 0.29200154542922974 19680
1745753369214 0.3284473121166229 19700
1745753377784 0.2954452633857727 19720
1745753385841 0.28363820910453796 19740
1745753394745 0.34412655234336853 19760
1745753402194 0.31054049730300903 19780
1745753411304 0.38110634684562683 19800
1745753419914 0.3055201470851898 19820
1745753430260 0.30213800072669983 19840
1745753438376 0.3176160156726837 19860
1745753447081 0.3075992166996002 19880
1745753455424 0.3702002167701721 19900
1745753463609 0.3503398001194 19920
1745753472501 0.4057055413722992 19940
1745753482226 0.2706679403781891 19960
1745753490205 0.3487432301044464 19980
1745753499312 0.3384628891944885 20000
1745753509991 0.3190765082836151 20020
1745753518079 0.3421124517917633 20040
1745753525952 0.3843529522418976 20060
1745753534878 0.3448304533958435 20080
1745753543615 0.3872491419315338 20100
1745753551883 0.29129117727279663 20120
1745753561386 0.3131077289581299 20140
1745753568999 0.3095056116580963 20160
1745753578248 0.31049659848213196 20180
1745753587593 0.3362232446670532 20200
1745753596387 0.326553076505661 20220
1745753604997 0.307099848985672 20240
1745754807440 0.4371594190597534 20260
1745754816368 0.31385430693626404 20280
1745754825384 0.4193752110004425 20300
1745754834711 0.2910025715827942 20320
1745754844809 0.3333127200603485 20340
1745754853424 0.3143175542354584 20360
1745754862960 0.31509634852409363 20380
1745754872972 0.3739556670188904 20400
1745754882365 0.3627795875072479 20420
1745754890506 0.2965819835662842 20440
1745754899575 0.27003782987594604 20460
1745754909597 0.4158634543418884 20480
1745754919186 0.40019601583480835 20500
1745754928776 0.2701996862888336 20520
1745754938594 0.31758469343185425 20540
1745754947526 0.36610347032546997 20560
1745754954971 0.35629788041114807 20580
1745754965716 0.3063974976539612 20600
1745754974127 0.2761381268501282 20620
1745754984751 0.3528377115726471 20640
1745754993523 0.3230328857898712 20660
1745755003671 0.24545405805110931 20680
1745755010871 0.27240246534347534 20700
1745755020651 0.43180885910987854 20720
1745755031624 0.3696317970752716 20740
1745755041312 0.27482861280441284 20760
1745755049876 0.2900339663028717 20780
1745755058712 0.4039984345436096 20800
1745755068041 0.2998725473880768 20820
1745755077875 0.3948700428009033 20840
1745755085029 0.24758031964302063 20860
1745755097291 0.2794736921787262 20880
1745755106416 0.2691086232662201 20900
1745755115442 0.32474395632743835 20920
1745755125314 0.40719571709632874 20940
1745755134390 0.2819913625717163 20960
1745755144100 0.25948628783226013 20980
1745755152025 0.3398139178752899 21000
1745755162925 0.39548179507255554 21020
1745755172603 0.33459872007369995 21040
1745755182071 0.33508944511413574 21060
1745755191127 0.318992555141449 21080
1745755200715 0.31026118993759155 21100
1745755209667 0.31409746408462524 21120
1745755218696 0.4675503969192505 21140
1745755228809 0.3226102888584137 21160
1745755237799 0.36086389422416687 21180
1745755246178 0.3017808198928833 21200
1745755255264 0.2523970901966095 21220
1745755264564 0.3543434143066406 21240
1745755275166 0.3504529893398285 21260
1745755284313 0.28729334473609924 21280
1745755294047 0.31576114892959595 21300
1745755302956 0.30589738488197327 21320
1745755311555 0.3351247012615204 21340
1745755322645 0.3300730884075165 21360
1745755332114 0.4213840067386627 21380
1745755341266 0.31470200419425964 21400
1745755351058 0.2821362316608429 21420
1745755359489 0.29670974612236023 21440
1745755369545 0.34478992223739624 21460
1745755378183 0.2951834797859192 21480
1745755388638 0.34728503227233887 21500
1745755398205 0.3087228536605835 21520
1745755405675 0.404222697019577 21540
1745755415747 0.3663061857223511 21560
1745755425152 0.29702550172805786 21580
1745755435918 0.29329565167427063 21600
1745755444832 0.30259159207344055 21620
1745755453408 0.3644092381000519 21640
1745755464074 0.38227030634880066 21660
1745755472051 0.3191816806793213 21680
1745755481590 0.4421718120574951 21700
1745755491471 0.3526172339916229 21720
1745755500325 0.2955741584300995 21740
1745755510757 0.4233611822128296 21760
1745755519431 0.29483699798583984 21780
1745755530727 0.3135751783847809 21800
1745755539939 0.3105676770210266 21820
1745755549230 0.3011731207370758 21840
1745755558112 0.26232674717903137 21860
1745755568037 0.2875771224498749 21880
1745755577176 0.32456281781196594 21900
1745755587700 0.3077999949455261 21920
1745755597101 0.32346728444099426 21940
1745755606057 0.29093867540359497 21960
1745755614669 0.2808109521865845 21980
1745755624382 0.2790113389492035 22000
1745755634826 0.30332303047180176 22020
1745755644192 0.31696292757987976 22040
1745755653168 0.2828948199748993 22060
1745755661602 0.3595116436481476 22080
1745755672422 0.3204205632209778 22100
1745755681797 0.35736578702926636 22120
1745755689883 0.3408655524253845 22140
1745755701068 0.3488331735134125 22160
1745755711180 0.26590654253959656 22180
1745755720460 0.3614383339881897 22200
1745755730006 0.3559466600418091 22220
1745755738731 0.2740093171596527 22240
1745755749163 0.3793361783027649 22260
1745755758375 0.2837134301662445 22280
1745755766278 0.3470005691051483 22300
1745755776816 0.3454481065273285 22320
1745755784724 0.3009081780910492 22340
1745755794805 0.29284077882766724 22360
1745755804985 0.30057626962661743 22380
1745755814832 0.35424408316612244 22400
1745755824231 0.30891403555870056 22420
1745755832984 0.3670816421508789 22440
1745755843193 0.3434140384197235 22460
1745755852673 0.35709095001220703 22480
1745755861556 0.3842940628528595 22500
1745755871318 0.40256279706954956 22520
1745755880957 0.29345887899398804 22540
1745755889964 0.3057756721973419 22560
1745755899691 0.3535116910934448 22580
1745755908761 0.3452613055706024 22600
1745755917895 0.3286512792110443 22620
1745755926705 0.31298112869262695 22640
1745755937637 0.31491243839263916 22660
1745755946771 0.3362027108669281 22680
1745755956094 0.2726163864135742 22700
1745755965064 0.33371585607528687 22720
1745755973973 0.3269592821598053 22740
1745755982989 0.30064457654953003 22760
1745755992354 0.3246615529060364 22780
1745756002930 0.33101680874824524 22800
1745756011528 0.3572964668273926 22820
1745756021413 0.31653523445129395 22840
1745756030253 0.389727920293808 22860
1745756039714 0.3323284983634949 22880
1745756049908 0.35506948828697205 22900
1745756059602 0.42190077900886536 22920
1745756067648 0.4159066677093506 22940
1745756077291 0.3042314946651459 22960
1745756086456 0.3165073096752167 22980
1745756097137 0.33132192492485046 23000
1745756104628 0.38809534907341003 23020
1745756114413 0.3232894539833069 23040
1745756124711 0.28984689712524414 23060
1745756133058 0.28112223744392395 23080
1745756142962 0.29421648383140564 23100
1745756152712 0.2732694447040558 23120
1745756161400 0.31457334756851196 23140
1745756169720 0.2880759537220001 23160
1745756178714 0.30360937118530273 23180
1745756188850 0.31893301010131836 23200
1745756198462 0.34580186009407043 23220
1745756206935 0.3804492652416229 23240
1745756216747 0.30974075198173523 23260
1745756225884 0.36472347378730774 23280
1745756236300 0.2586541175842285 23300
1745756246376 0.34976136684417725 23320
1745756255429 0.360595166683197 23340
1745756264037 0.3787677586078644 23360
1745756272462 0.38232487440109253 23380
1745756283373 0.37270182371139526 23400
1745756292234 0.299546480178833 23420
1745756301528 0.3283587694168091 23440
1745756311850 0.3189721405506134 23460
1745756320700 0.3471168577671051 23480
1745756331068 0.3733905553817749 23500
1745756340288 0.2876807153224945 23520
1745756350288 0.2954489290714264 23540
1745756359271 0.35187259316444397 23560
1745756368174 0.3558797836303711 23580
1745756377460 0.3194417655467987 23600
1745756386101 0.31911948323249817 23620
1745756395763 0.34948819875717163 23640
1745756404743 0.29624709486961365 23660
1745756414689 0.40524542331695557 23680
1745756424874 0.31723129749298096 23700
1745756434258 0.32846754789352417 23720
1745756442469 0.3215366303920746 23740
1745756452081 0.2820247411727905 23760
1745756461495 0.33577069640159607 23780
1745756471545 0.319558322429657 23800
1745756480058 0.3725418746471405 23820
1745756489323 0.2943706810474396 23840
1745756499644 0.3145546615123749 23860
1745756508446 0.3432708978652954 23880
1745756517548 0.37607747316360474 23900
1745756528132 0.42409712076187134 23920
1745756536635 0.33367881178855896 23940
1745756547214 0.2915244996547699 23960
1745756556674 0.33272984623908997 23980
1745756565639 0.2845878005027771 24000
1745756575000 0.25414925813674927 24020
1745756584399 0.3042857050895691 24040
1745756593910 0.3521559238433838 24060
1745756604258 0.2960289418697357 24080
1745756611814 0.3325127065181732 24100
1745756621762 0.3163512349128723 24120
1745756630354 0.2848930358886719 24140
1745756641310 0.3373532295227051 24160
1745756649383 0.35190916061401367 24180
1745756659965 0.31254705786705017 24200
1745756668547 0.37690308690071106 24220
1745756678827 0.30240386724472046 24240
1745756687432 0.2979319989681244 24260
1745756696514 0.39003515243530273 24280
1745756706478 0.32604533433914185 24300
1745756715181 0.2984132170677185 24320
1745756725076 0.25396180152893066 24340
1745756735111 0.3569493591785431 24360
1745756744515 0.38470709323883057 24380
1745756753902 0.27719634771347046 24400
1745756762321 0.3804912269115448 24420
1745756771919 0.3044567108154297 24440
1745756782072 0.3439497947692871 24460
1745756791735 0.29373466968536377 24480
1745756801083 0.29320278763771057 24500
1745756810472 0.38872963190078735 24520
1745756820299 0.35468894243240356 24540
1745756830406 0.2901392877101898 24560
1745756839341 0.33681854605674744 24580
1745756848947 0.3065584897994995 24600
1745756857774 0.36565539240837097 24620
1745756867295 0.3274269700050354 24640
1745756876273 0.3773312270641327 24660
1745756885757 0.3595532178878784 24680
1745756894098 0.319765567779541 24700
1745756905857 0.29747655987739563 24720
1745756914566 0.3630307912826538 24740
1745756923973 0.4420883059501648 24760
1745756932940 0.32869982719421387 24780
1745756942403 0.31860455870628357 24800
1745756951889 0.345211923122406 24820
1745756961867 0.3481151759624481 24840
1745756970494 0.31624066829681396 24860
1745756979903 0.37786954641342163 24880
1745756989906 0.35426634550094604 24900
1745757000049 0.3375903367996216 24920
1745757009088 0.3318234384059906 24940
1745757018976 0.3997766673564911 24960
1745757028609 0.36096808314323425 24980
1745757037670 0.294294536113739 25000
1745757047071 0.3273508548736572 25020
1745757057509 0.28897619247436523 25040
1745757067490 0.2915347218513489 25060
1745757075772 0.3742666244506836 25080
1745757086601 0.37453892827033997 25100
1745757096926 0.3474798798561096 25120
1745757105420 0.3561217188835144 25140
1745757115747 0.30615147948265076 25160
1745757125516 0.3269846439361572 25180
1745757133411 0.27679091691970825 25200
1745757144443 0.3760386109352112 25220
1745757153240 0.27603188157081604 25240
1745757163372 0.30273646116256714 25260
1745757173072 0.3071439266204834 25280
1745757182714 0.36320412158966064 25300
1745757190486 0.37925127148628235 25320
1745757201199 0.33429914712905884 25340
1745757211892 0.33003130555152893 25360
1745757220192 0.3178802728652954 25380
1745757230111 0.33978378772735596 25400
1745757238900 0.3278884291648865 25420
1745757249636 0.2731460630893707 25440
1745757258990 0.34388574957847595 25460
1745757268769 0.350353866815567 25480
1745757277344 0.3784717917442322 25500
1745757288103 0.3888494372367859 25520
1745757296822 0.385619580745697 25540
1745757305463 0.3934817314147949 25560
1745757314970 0.37154877185821533 25580
1745757325223 0.336765319108963 25600
1745757334266 0.34027019143104553 25620
1745757344425 0.35840848088264465 25640
1745757353122 0.3406384587287903 25660
1745757363630 0.32982826232910156 25680
1745757372922 0.29123708605766296 25700
1745757382560 0.36614224314689636 25720
1745757392452 0.43998411297798157 25740
1745757401909 0.3123268485069275 25760
1745757410632 0.36085912585258484 25780
1745757420708 0.2648875415325165 25800
1745757430302 0.3021525740623474 25820
1745757438961 0.37496596574783325 25840
1745757449282 0.3395819365978241 25860
1745757458412 0.37075942754745483 25880
1745757467562 0.3907710611820221 25900
1745757476739 0.3103591799736023 25920
1745757486708 0.24684354662895203 25940
1745757496243 0.28888678550720215 25960
1745757505707 0.3189708888530731 25980
1745757515973 0.25714004039764404 26000
1745757525245 0.30680444836616516 26020
1745757534731 0.32219013571739197 26040
1745757544335 0.32058611512184143 26060
1745757553528 0.2775847315788269 26080
1745757561853 0.3435806930065155 26100
1745757572090 0.42638102173805237 26120
1745757581779 0.38664090633392334 26140
1745757592124 0.27251601219177246 26160
1745757600773 0.3556416630744934 26180
1745757611380 0.3796960115432739 26200
1745757620813 0.33713164925575256 26220
1745757629520 0.28814640641212463 26240
1745757639093 0.33867204189300537 26260
1745757648185 0.2847701907157898 26280
1745757657935 0.49615660309791565 26300
1745757668104 0.31710898876190186 26320
1745757677504 0.33224809169769287 26340
1745757686750 0.3780602812767029 26360
1745757696730 0.2635056674480438 26380
1745757705737 0.35059767961502075 26400
1745757714195 0.31642434000968933 26420
1745757723463 0.36914992332458496 26440
1745757734091 0.3445990979671478 26460
1745757743859 0.3268422484397888 26480
1745757752923 0.3310355842113495 26500
1745757761953 0.37500229477882385 26520
1745757771448 0.34118300676345825 26540
1745757781345 0.3253454566001892 26560
1745757790743 0.3825945258140564 26580
1745757800313 0.2845175862312317 26600
1745757809534 0.32923418283462524 26620
1745757819485 0.3310776948928833 26640
1745757829003 0.28933584690093994 26660
1745757838562 0.3398091793060303 26680
1745757846639 0.2975797951221466 26700
1745757856463 0.3813563585281372 26720
1745757866287 0.3876969516277313 26740
1745757875997 0.3373851478099823 26760
1745757886479 0.3739699423313141 26780
1745757894851 0.3164537847042084 26800
1745757904591 0.30190759897232056 26820
1745757914723 0.32836422324180603 26840
1745757924487 0.35088035464286804 26860
1745757933350 0.362682968378067 26880
1745757943638 0.30574291944503784 26900
1745757953679 0.40004169940948486 26920
1745757961923 0.3638545572757721 26940
1745757971809 0.2987089455127716 26960
1745757980865 0.2808707058429718 26980
1745757990717 0.4037107229232788 27000
1745758000721 0.3704848289489746 27020
1745758009748 0.33666831254959106 27040
1745758019311 0.36163368821144104 27060
1745758028764 0.3078579902648926 27080
1745758038515 0.35110053420066833 27100
1745758047157 0.34033656120300293 27120
1745758055623 0.2877216935157776 27140
1745758065516 0.286855548620224 27160
1745758074824 0.36921223998069763 27180
1745758084220 0.3169504404067993 27200
1745758093819 0.3318932354450226 27220
1745758102190 0.26633310317993164 27240
1745758113014 0.35353460907936096 27260
1745758122839 0.39635100960731506 27280
1745758132175 0.3403107523918152 27300
1745758140032 0.41400569677352905 27320
1745758151189 0.31663835048675537 27340
1745758160270 0.25609496235847473 27360
1745758169185 0.3469191789627075 27380
1745758180158 0.4048424959182739 27400
1745758189142 0.3756212890148163 27420
1745758199097 0.2724200487136841 27440
1745758208371 0.2988539934158325 27460
1745758218111 0.25393447279930115 27480
1745758227287 0.291262149810791 27500
1745758234557 0.2716226875782013 27520
1745758245583 0.3330850303173065 27540
1745758253900 0.2812757194042206 27560
1745758261965 0.34692856669425964 27580
1745758273059 0.33244484663009644 27600
1745758282331 0.3370407521724701 27620
1745758290624 0.2861465513706207 27640
1745758300846 0.3443464934825897 27660
1745758310764 0.36420702934265137 27680
1745758320332 0.3512744903564453 27700
1745758329817 0.25991255044937134 27720
1745758339368 0.3370387554168701 27740
1745758348374 0.33013585209846497 27760
1745758357535 0.34150636196136475 27780
1745758367361 0.36760711669921875 27800
1745758376122 0.28411558270454407 27820
1745758385593 0.3145594894886017 27840
1745758394168 0.2770114839076996 27860
1745758404046 0.4133269786834717 27880
1745758412653 0.30838435888290405 27900
1745758423413 0.3017955720424652 27920
1745758432623 0.3001587986946106 27940
1745758442877 0.29150867462158203 27960
1745758451599 0.32414478063583374 27980
1745758461100 0.3291145861148834 28000
1745758470167 0.33238866925239563 28020
1745758480740 0.3102712035179138 28040
1745758489706 0.34927040338516235 28060
1745758498531 0.3749500811100006 28080
1745758507912 0.37446215748786926 28100
1745758518120 0.3389633297920227 28120
1745758528139 0.3597261905670166 28140
1745758536010 0.38964536786079407 28160
1745758547192 0.32443299889564514 28180
1745758557530 0.29985904693603516 28200
1745758565824 0.2982882857322693 28220
1745758575903 0.4306204617023468 28240
1745758586261 0.33558061718940735 28260
1745758596590 0.3772751986980438 28280
1745758606245 0.32136109471321106 28300
1745758614959 0.33836278319358826 28320
1745758625990 0.3279262185096741 28340
1745758634966 0.32505857944488525 28360
1745758643660 0.4435997009277344 28380
1745758654619 0.31791090965270996 28400
1745758662579 0.34186801314353943 28420
1745758673879 0.3062891662120819 28440
1745758683480 0.3108374774456024 28460
1745758691865 0.31099510192871094 28480
1745758701697 0.40703919529914856 28500
1745758710672 0.3859460949897766 28520
1745758720587 0.3279837369918823 28540
1745758729477 0.3535613417625427 28560
1745758739219 0.36429789662361145 28580
1745758747077 0.333270400762558 28600
1745758756821 0.373869925737381 28620
1745758767566 0.4414982497692108 28640
1745758776593 0.32230719923973083 28660
1745758785108 0.3311689496040344 28680
1745758795132 0.3087643086910248 28700
1745758804217 0.3702881932258606 28720
1745758813819 0.361714631319046 28740
1745758823339 0.28500300645828247 28760
1745758833062 0.3142154812812805 28780
1745758842045 0.2815563976764679 28800
1745758851879 0.3252357542514801 28820
1745758861525 0.3113396167755127 28840
1745758870305 0.26742714643478394 28860
1745758879793 0.30453068017959595 28880
1745758888917 0.3472963273525238 28900
1745758898858 0.3450377881526947 28920
1745758908898 0.38217848539352417 28940
1745758918306 0.34932082891464233 28960
1745758926937 0.3188855051994324 28980
1745758937067 0.355668306350708 29000
1745758947232 0.3086094856262207 29020
1745758956858 0.374610960483551 29040
1745758966185 0.322704941034317 29060
1745758974915 0.31488242745399475 29080
1745758984102 0.40207695960998535 29100
1745758992412 0.36529839038848877 29120
1745759002112 0.30138933658599854 29140
1745759011706 0.33771663904190063 29160
1745759022137 0.3081222474575043 29180
1745759030184 0.3338007926940918 29200
1745759040698 0.4263231158256531 29220
1745759049719 0.40445950627326965 29240
1745759059034 0.37039241194725037 29260
1745759067669 0.3430343568325043 29280
1745759077670 0.3280666470527649 29300
1745759086505 0.3218870460987091 29320
1745759096032 0.335897296667099 29340
1745759106875 0.32788950204849243 29360
1745759114111 0.34119105339050293 29380
1745759123307 0.339277058839798 29400
1745759134147 0.30651870369911194 29420
1745759144123 0.3023792505264282 29440
1745759153336 0.35436147451400757 29460
1745759162919 0.3146921396255493 29480
1745759172181 0.3389333486557007 29500
1745759182323 0.3660610616207123 29520
1745759191899 0.38401785492897034 29540
1745759199964 0.3142049014568329 29560
1745759211019 0.3440828323364258 29580
1745759220233 0.34265297651290894 29600
1745759229897 0.3248765766620636 29620
1745759239812 0.3099702000617981 29640
1745759247990 0.28378379344940186 29660
1745759258207 0.3717825412750244 29680
1745759268310 0.3503960371017456 29700
1745759277919 0.37432122230529785 29720
1745759286336 0.28487640619277954 29740
1745759297260 0.4483657777309418 29760
1745759306153 0.32443946599960327 29780
1745759314893 0.2944164276123047 29800
1745759323157 0.2908133268356323 29820
1745759333346 0.2699282765388489 29840
1745759342955 0.3588077425956726 29860
1745759352275 0.3431234061717987 29880
1745759362927 0.4167412519454956 29900
1745759371672 0.2852643132209778 29920
1745759381538 0.38679975271224976 29940
1745759391449 0.2983923852443695 29960
1745759399579 0.2892235219478607 29980
1745759409617 0.34263911843299866 30000
1745759421586 0.3833806812763214 30020
1745759430067 0.3767152428627014 30040
1745759439277 0.3658103048801422 30060
1745759449817 0.38595253229141235 30080
1745759460295 0.3001677393913269 30100
1745759468499 0.3541291654109955 30120
1745759479111 0.2550192177295685 30140
1745759487930 0.33868980407714844 30160
1745759497260 0.341908723115921 30180
1745759507388 0.3873893916606903 30200
1745759517043 0.38988855481147766 30220
1745759527001 0.43120861053466797 30240
1745759536078 0.2975330054759979 30260
1745759545046 0.3634905517101288 30280
1745759555117 0.3436027467250824 30300
1745759565235 0.33582189679145813 30320
1745759574170 0.28843823075294495 30340
1745759584341 0.37881773710250854 30360
1745759592775 0.33592489361763 30380
1745759602571 0.38655510544776917 30400
1745759612303 0.28866487741470337 30420
1745759622166 0.3614988625049591 30440
1745759630739 0.3646644353866577 30460
1745759640696 0.31083551049232483 30480
1745759649405 0.3826345205307007 30500
1745759658736 0.32685980200767517 30520
1745759667468 0.34323567152023315 30540
1745759677800 0.31672435998916626 30560
1745759687084 0.29103749990463257 30580
1745759697246 0.3706696331501007 30600
1745759705493 0.32524412870407104 30620
1745759715669 0.38820961117744446 30640
1745759723955 0.34437963366508484 30660
1745759734364 0.35432323813438416 30680
1745759744103 0.3954041302204132 30700
1745759753693 0.41568371653556824 30720
1745759763330 0.3828318119049072 30740
1745759772188 0.40657439827919006 30760
1745759782283 0.3424518406391144 30780
1745759791994 0.3048441410064697 30800
1745759800653 0.32280170917510986 30820
1745759810971 0.31166625022888184 30840
1745759819430 0.4416314363479614 30860
1745759829401 0.4052330553531647 30880
1745759838068 0.36740684509277344 30900
1745759848561 0.41365861892700195 30920
1745759856869 0.46051308512687683 30940
1745759868371 0.38933607935905457 30960
1745759876587 0.4148906469345093 30980
1745759886854 0.3588235378265381 31000
1745759896094 0.3716241717338562 31020
1745759905173 0.31307315826416016 31040
1745759915389 0.4031088650226593 31060
1745759925366 0.31028321385383606 31080
1745759933342 0.3583264648914337 31100
1745759944292 0.33134719729423523 31120
1745759952733 0.31835275888442993 31140
1745759962950 0.39111268520355225 31160
1745759972518 0.476529061794281 31180
1745759980808 0.3300628960132599 31200
1745759991002 0.357793390750885 31220
1745760000778 0.3379071056842804 31240
1745760010975 0.36868777871131897 31260
1745760019903 0.31258904933929443 31280
1745760028704 0.3288176357746124 31300
1745760038453 0.32910043001174927 31320
1745760048353 0.3312104046344757 31340
1745760058858 0.41170695424079895 31360
1745760068173 0.34899699687957764 31380
1745760078069 0.40734437108039856 31400
1745760087987 0.3759789764881134 31420
1745760098038 0.3060808777809143 31440
1745760107805 0.3172968924045563 31460
1745760115950 0.3419434428215027 31480
1745760127168 0.33927127718925476 31500
1745760135881 0.36910897493362427 31520
1745760145346 0.35004207491874695 31540
1745760155747 0.3636624813079834 31560
1745760165049 0.3945443630218506 31580
1745760173495 0.3732104003429413 31600
1745760183210 0.31070709228515625 31620
1745760193240 0.3389641046524048 31640
1745760203743 0.3004540801048279 31660
1745760213151 0.338898241519928 31680
1745760221773 0.37257111072540283 31700
1745760231926 0.3241826295852661 31720
1745760241161 0.3647249639034271 31740
1745760251536 0.4257720410823822 31760
1745760260002 0.38580283522605896 31780
1745760269870 0.39863237738609314 31800
1745760280558 0.3862013816833496 31820
1745760289281 0.40115904808044434 31840
1745760299333 0.36695408821105957 31860
1745760310328 0.41503840684890747 31880
1745760319038 0.4477589428424835 31900
1745760328689 0.35568204522132874 31920
1745760338032 0.41830742359161377 31940
1745760348682 0.3714275062084198 31960
1745760357594 0.3463243246078491 31980
1745760368152 0.34311097860336304 32000
1745760377118 0.33219975233078003 32020
1745760385483 0.307481586933136 32040
1745760395197 0.3525943160057068 32060
1745760404977 0.3301483988761902 32080
1745760414878 0.42266812920570374 32100
1745760424816 0.36314520239830017 32120
1745760434750 0.3507995009422302 32140
1745760442736 0.28356504440307617 32160
1745760452340 0.2949919104576111 32180
1745760462631 0.3795388340950012 32200
1745760471989 0.2964377701282501 32220
1745760481942 0.3009098470211029 32240
1745760491381 0.3757655918598175 32260
1745760501432 0.3766106963157654 32280
1745760511630 0.2972717583179474 32300
1745760520078 0.3270130455493927 32320
1745760530808 0.3508989214897156 32340
1745760540228 0.2973189949989319 32360
1745760547746 0.3084002137184143 32380
1745760558805 0.31377705931663513 32400
1745760567685 0.348778635263443 32420
1745760578131 0.3966614305973053 32440
1745760586593 0.33141106367111206 32460
1745760596403 0.4236338436603546 32480
1745760606928 0.3061363399028778 32500
1745760616365 0.2901291847229004 32520
1745760625177 0.3110666573047638 32540
1745760634914 0.30743852257728577 32560
1745760643452 0.3416779637336731 32580
1745760653547 0.23859147727489471 32600
1745760662537 0.295915812253952 32620
1745760671723 0.2972884178161621 32640
1745760681246 0.33845287561416626 32660
1745760691245 0.32776203751564026 32680
1745760700057 0.3883320093154907 32700
1745760708764 0.3205757737159729 32720
1745760718728 0.35433220863342285 32740
1745760728062 0.3161608874797821 32760
1745760738638 0.3952499032020569 32780
1745760747584 0.34193119406700134 32800
1745760756887 0.3913130462169647 32820
1745760767931 0.4569839835166931 32840
1745760776096 0.36697593331336975 32860
1745760785504 0.33979466557502747 32880
1745760796252 0.364574134349823 32900
1745760805956 0.36929118633270264 32920
1745760813547 0.38437211513519287 32940
1745760823391 0.35516104102134705 32960
1745760833347 0.32670775055885315 32980
1745760843807 0.40167197585105896 33000
1745760852151 0.38810494542121887 33020
1745760862010 0.3247078061103821 33040
1745760871904 0.3696052134037018 33060
1745760881367 0.33015868067741394 33080
1745760890975 0.3652035593986511 33100
1745760900468 0.3719462752342224 33120
1745760909754 0.3077511489391327 33140
1745760918263 0.3179040253162384 33160
1745760928078 0.3954876959323883 33180
1745760937830 0.32039743661880493 33200
1745760947720 0.3232942223548889 33220
1745760957368 0.37234988808631897 33240
1745760966657 0.4168564975261688 33260
1745760976636 0.3637576699256897 33280
1745760986413 0.32879239320755005 33300
1745760996136 0.36222758889198303 33320
1745761005276 0.4086295962333679 33340
1745761014847 0.3083256781101227 33360
1745761023498 0.32443973422050476 33380
1745761033930 0.35993853211402893 33400
1745761043248 0.30675995349884033 33420
1745761052899 0.42550963163375854 33440
1745761061380 0.396439790725708 33460
1745761072205 0.3335846960544586 33480
1745761080207 0.3403600752353668 33500
1745761090173 0.3470100164413452 33520
1745761099802 0.36161333322525024 33540
1745761108712 0.33767828345298767 33560
1745761118922 0.39811062812805176 33580
1745761128819 0.3191854655742645 33600
1745761136466 0.333965539932251 33620
1745761147115 0.27088648080825806 33640
1745761157107 0.4513191878795624 33660
1745761165550 0.42428672313690186 33680
1745761176154 0.315098375082016 33700
1745761184681 0.393713116645813 33720
1745761194641 0.4047156870365143 33740
1745761203055 0.3179723024368286 33760
1745761213708 0.4631538987159729 33780
1745761223381 0.3596903383731842 33800
1745761232437 0.3711092472076416 33820
1745761242137 0.33564040064811707 33840
1745761251133 0.3161027431488037 33860
1745761261151 0.3904646039009094 33880
1745761270657 0.329950213432312 33900
1745761279254 0.315353125333786 33920
1745761290171 0.3573337197303772 33940
1745761297485 0.34248632192611694 33960
1745761307401 0.345577210187912 33980
1745761317622 0.33319032192230225 34000
1745761327977 0.3365059792995453 34020
1745761337341 0.29336169362068176 34040
1745761345352 0.39131098985671997 34060
1745761355111 0.340767502784729 34080
1745761364874 0.3551577627658844 34100
1745761375205 0.3317748010158539 34120
1745761384875 0.30676591396331787 34140
1745761393091 0.3218638598918915 34160
1745761403918 0.4051476716995239 34180
1745761412621 0.38593563437461853 34200
1745761423215 0.33983126282691956 34220
1745761432139 0.3364822566509247 34240
1745761440426 0.37389427423477173 34260
1745761451225 0.4186677932739258 34280
1745761461388 0.32914263010025024 34300
1745761470214 0.3834789991378784 34320
1745761480367 0.45142868161201477 34340
1745761489765 0.3811904489994049 34360
1745761498388 0.38569149374961853 34380
1745761507725 0.34163859486579895 34400
1745761517578 0.3251033425331116 34420
1745761527218 0.3905681073665619 34440
1745761537927 0.3862324655056 34460
1745761547480 0.3685166537761688 34480
1745761556871 0.34253647923469543 34500
1745761564417 0.41499292850494385 34520
1745761575857 0.35540100932121277 34540
1745761585153 0.37802654504776 34560
1745761593977 0.36224305629730225 34580
1745761606013 0.3446429669857025 34600
1745761614448 0.3428972065448761 34620
1745761624594 0.36433306336402893 34640
1745761634923 0.3119448721408844 34660
1745761646445 0.30753183364868164 34680
