1745672113247 0.6895387172698975 20
1745672127544 0.6902809739112854 40
1745672142286 0.6887796521186829 60
1745672157826 0.6875882148742676 80
1745672172624 0.6853917837142944 100
1745672188844 0.6879861354827881 120
1745672205373 0.6820409297943115 140
1745672220919 0.6878368854522705 160
1745672235359 0.6852266788482666 180
1745672251166 0.685364842414856 200
1745672268433 0.686538815498352 220
1745672285445 0.6860226392745972 240
1745672300360 0.6862828731536865 260
1745672315885 0.6864160895347595 280
1745672331335 0.6869224309921265 300
1745672346658 0.6890267133712769 320
1745672360688 0.6847518682479858 340
1745672376792 0.6859415769577026 360
1745672392882 0.6963720321655273 380
1745672407092 0.6863874197006226 400
1745672422950 0.6865097880363464 420
1745672438944 0.6845555305480957 440
1745672453682 0.6845970153808594 460
1745672469832 0.6900550723075867 480
1745672486716 0.6883697509765625 500
1745672502916 0.6905403137207031 520
1745672518160 0.6874344944953918 540
1745672534002 0.6927484273910522 560
1745672549620 0.6822881102561951 580
1745672565661 0.6833049058914185 600
1745672581329 0.6822969913482666 620
