1745672113330 0.7378268837928772 20
1745672128658 0.4617118537425995 40
1745672142385 0.6077232360839844 60
1745672157926 0.6404692530632019 80
1745672173675 0.6952334642410278 100
1745672188977 0.7083175182342529 120
1745672206094 1.0588024854660034 140
1745672221053 0.7383657693862915 160
1745672236807 0.7412947416305542 180
1745672251318 0.9089891910552979 200
1745672269154 0.7501883506774902 220
1745672285555 0.7545738220214844 240
1745672301103 0.7668727040290833 260
1745672315980 0.736021101474762 280
1745672332112 0.9105993509292603 300
1745672346742 0.7086792588233948 320
1745672361481 0.7922278642654419 340
1745672376891 0.7308075428009033 360
1745672393714 0.5840640068054199 380
1745672407203 0.80787593126297 400
1745672423675 0.8852625489234924 420
1745672439044 0.8942098617553711 440
1745672454426 0.9574881196022034 460
1745672469987 0.6588336825370789 480
1745672486855 0.7210804224014282 500
1745672503651 0.7250925302505493 520
1745672518268 0.7249661684036255 540
1745672534119 0.6397573947906494 560
1745672549744 0.9902086853981018 580
1745672566450 0.8657938838005066 600
1745672581485 1.0032163858413696 620
