1745672113328 0.7029688358306885 20
1745672128171 0.6974096894264221 40
1745672142382 0.6900710463523865 60
1745672157922 0.6888352036476135 80
1745672173261 0.6966016292572021 100
1745672188974 0.6744604110717773 120
1745672205771 0.6866828799247742 140
1745672221051 0.6824305653572083 160
1745672236130 0.6864968538284302 180
1745672251313 0.6911672353744507 200
1745672268835 0.6889827847480774 220
1745672285552 0.6866686940193176 240
1745672300772 0.7014964818954468 260
1745672315978 0.6583513617515564 280
1745672331771 0.6275559067726135 300
1745672346740 0.6937317848205566 320
1745672361128 0.6838886737823486 340
1745672376888 0.6820678114891052 360
1745672393377 0.6416633129119873 380
1745672407199 0.6606727838516235 400
1745672423359 0.6783838272094727 420
1745672439041 0.7591392993927002 440
1745672454109 0.6591402292251587 460
1745672469983 0.6531484723091125 480
1745672486851 0.6513751149177551 500
1745672503323 0.6269885301589966 520
1745672518265 0.7017616033554077 540
1745672534116 0.6772369146347046 560
1745672549740 0.6697579622268677 580
1745672566130 0.7079180479049683 600
1745672581481 0.6868427991867065 620
