1745672113333 0.06452179700136185 20
1745672128986 0.0 40
1745672142387 0.09467455744743347 60
1745672157929 0.1621621549129486 80
1745672173995 0.27906978130340576 100
1745672188978 0.3390558063983917 120
1745672206411 0.11329243332147598 140
1745672221055 0.10305499285459518 160
1745672237214 0.11389128863811493 180
1745672251322 0.08560235053300858 200
1745672269466 0.09566613286733627 220
1745672285557 0.08659794181585312 240
1745672301426 0.09449601918458939 260
1745672315983 0.09786876291036606 280
1745672332443 0.10132023692131042 300
1745672346744 0.0969737097620964 320
1745672361859 0.11717171967029572 340
1745672376893 0.10358914732933044 360
1745672394035 0.11317375302314758 380
1745672407206 0.08994565159082413 400
1745672423996 0.10356921702623367 420
1745672439046 0.07706868648529053 440
1745672454747 0.09188034385442734 460
1745672469988 0.11126990616321564 480
1745672486858 0.09831071645021439 500
1745672503986 0.1187584325671196 520
1745672518270 0.08685241639614105 540
1745672534121 0.11324349790811539 560
1745672549750 0.11284440755844116 580
1745672566770 0.0959954559803009 600
1745672581487 0.0820908322930336 620
