1745672113335 0.10381895303726196 20
1745672129306 0.0 40
1745672142389 0.0023616235703229904 60
1745672157932 0.0012113869888707995 80
1745672174315 0.0013457441236823797 100
1745672188980 0.011705437675118446 120
1745672206738 0.02206643857061863 140
1745672221057 0.03996209055185318 160
1745672237547 0.016979675740003586 180
1745672251323 0.04221814498305321 200
1745672269778 0.03790384158492088 220
1745672285559 0.024298524484038353 240
1745672301746 0.03176195174455643 260
1745672315985 0.04297500476241112 280
1745672332763 0.038031578063964844 300
1745672346747 0.06714591383934021 320
1745672362234 0.04833908751606941 340
1745672376895 0.04502219334244728 360
1745672394354 0.11229600757360458 380
1745672407209 0.04511995613574982 400
1745672424314 0.05697423592209816 420
1745672439048 0.03219611570239067 440
1745672455067 0.04544493928551674 460
1745672469991 0.07452481985092163 480
1745672486861 0.0512857548892498 500
1745672504307 0.0749027207493782 520
1745672518272 0.05057034268975258 540
1745672534123 0.10956017673015594 560
1745672549753 0.05117133632302284 580
1745672567090 0.04033894091844559 600
1745672581490 0.04567995294928551 620
